0 30.14 3097 2101.00
1 79.53 6661 10817.00
2 425.78 4257 2908.00
3 1123.28 6371 26311.00
4 873.67 6675 6907.00
5 344.80 8152 3916.00
6 669.70 5163 3610.00
7 132.93 4433 6011.00
8 2106.51 991 3000.00
9 349.55 8086 12617.00
10 376.59 7218 1404.00
11 436.95 7538 13712.00
12 1835.51 3360 905.00
13 433.35 8544 8426.00
14 701.41 6770 8816.00
15 884.54 6843 707.00
16 682.14 5820 4004.00
17 407.72 6337 4411.00
18 229.95 3595 5505.00
19 222.98 3964 1011.00
20 415.59 8145 9518.00
21 634.26 6997 8716.00
22 421.66 4337 3311.00
23 526.64 5289 4309.00
24 532.71 2841 304.00
25 182.17 5050 1905.00
26 353.78 4085 2304.00
27 597.94 5447 3813.00
28 516.99 6642 5521.00
29 435.10 7036 6009.00
30 683.66 6051 3606.00
31 786.31 1521 1501.00
32 570.87 9713 11225.00
33 500.95 4268 2000.00
34 387.85 3609 2006.00
35 762.65 7769 14319.00
36 563.05 7847 9426.00
37 129.75 5184 4013.00
38 916.24 5115 4408.00
39 488.01 9999 9027.00
40 616.68 5341 3504.00
41 887.06 4655 2015.00
42 1127.85 6058 5008.00
43 2131.51 3846 2510.00
44 599.34 6547 9514.00
45 741.55 2853 402.00
46 663.12 9999 20425.00
47 719.89 3862 303.00
48 1290.04 9999 9026.00
49 93.40 4450 7210.00
50 96.64 2468 2010.00
51 389.20 7713 5511.00
52 236.11 8554 8918.00
53 775.54 5103 7306.00
54 3147.86 3133 2105.00
55 243.72 7089 17316.00
56 1174.24 6376 9126.00
57 483.96 4680 2113.00
58 468.50 5279 6706.00
59 65.93 2453 1.00
60 552.79 5286 2310.00
61 2156.98 4698 2308.00
62 888.24 8042 5512.00
63 2018.25 8196 26721.00
64 3037.67 3707 2306.00
65 1257.78 9309 13816.00
66 392.70 4351 2508.00
67 3113.49 7232 8116.00
68 1409.13 4589 1208.00
69 323.32 5368 6117.00
70 2499.86 8565 7820.00
71 216.60 5699 2510.00
72 1462.42 5859 2820.00
73 228.75 7727 9612.00
74 1546.07 6110 4111.00
75 1477.88 3929 4605.00
76 1156.89 6817 5018.00
77 4736.87 5201 7210.00
78 5495.46 4359 8309.00
79 3726.91 3920 1.00
80 3065.33 9200 17623.00
81 1716.70 9177 3315.00
82 3476.85 3824 608.00
83 937.91 8127 6621.00
84 1616.62 8620 6425.00
85 3324.21 5259 4309.00
86 2550.68 5742 5711.00
87 1624.77 5596 6211.00
88 12339.75 4510 902.00
89 3200.44 3018 2405.00
90 8021.31 3193 501.00
91 843.72 2534 805.00
92 1137.24 5167 5714.00
93 2487.39 2668 1704.00
94 1578.51 9178 10215.00
95 779.34 9311 8428.00
96 1543.68 9999 8437.00
97 400.88 9718 6616.00
98 1283.84 8584 19413.00
99 165.78 9999 11036.00
100 268.39 6352 3612.00
101 224.08 5388 11006.00
102 149.83 9999 9823.00
103 101.13 8930 6709.00
104 96.11 5793 4706.00
105 164.22 3132 2107.00
106 362.55 4951 1306.00
107 120.80 2617 307.00
108 222.48 6487 5407.00
109 495.08 4519 1310.00
110 251.60 5997 1712.00
111 638.01 6033 6505.00
112 201.39 6149 3812.00
113 82.03 4522 4507.00
114 275.78 9937 9408.00
115 150.65 9056 6113.00
116 578.25 7442 8018.00
117 204.36 4192 4108.00
118 217.59 3656 2305.00
119 79.39 4241 2906.00
120 95.70 6903 5817.00
121 84.18 7032 8515.00
122 245.09 7486 6514.00
123 237.60 4356 1505.00
124 387.79 9999 10323.00
125 86.76 2366 2802.00
126 258.87 7502 7914.00
127 213.47 4449 1005.00
128 117.09 3319 5.00
129 278.18 6784 4315.00
130 175.96 5771 2606.00
131 104.95 7812 8314.00
132 277.50 6856 7215.00
133 160.04 8355 6910.00
134 80.71 2937 1906.00
135 74.88 2627 101.00
136 359.42 4463 205.00
137 309.39 5380 2711.00
138 88.82 1558 100.00
139 257.53 3444 806.00
140 389.01 6953 5011.00
141 449.38 9175 11319.00
142 467.60 9999 20819.00
143 455.86 4542 1503.00
144 382.39 5012 5716.00
145 441.55 8667 9116.00
146 339.09 6364 10112.00
147 665.43 6391 6119.00
148 342.03 5444 4907.00
149 497.15 5014 1103.00
150 519.95 3861 6510.00
151 343.79 3666 5406.00
152 670.29 7785 5920.00
153 533.55 8698 8920.00
154 346.00 6824 2210.00
155 475.17 3829 204.00
156 751.02 6447 8510.00
157 235.90 8751 9812.00
158 737.29 7345 16615.00
159 797.09 3955 1710.00
160 804.15 4596 7213.00
161 1761.54 6047 5316.00
162 1074.94 3218 9407.00
163 925.50 3478 201.00
164 1803.84 3668 2403.00
165 552.25 5569 3814.00
166 1629.69 4947 12010.00
167 1328.68 7024 22614.00
168 396.59 2664 1605.00
169 1905.99 6640 9015.00
170 886.02 4938 4107.00
171 916.25 9999 13123.00
172 595.58 2916 2105.00
173 1403.00 3939 6507.00
174 2861.85 3041 6307.00
175 406.62 4673 4013.00
176 1270.90 8348 7809.00
177 983.88 4572 1706.00
178 1673.97 9999 14915.00
179 609.04 3145 305.00
180 2193.85 8218 5411.00
181 868.53 8406 7915.00
182 1306.84 2910 2905.00
183 1251.40 9370 13122.00
184 1020.02 4550 5111.00
185 1542.76 2423 403.00
186 1592.89 7681 6624.00
187 1071.61 2113 2604.00
188 1094.60 2740 4015.00
189 1690.61 5168 6113.00
190 1172.65 7833 11119.00
191 1894.34 3551 505.00
192 2234.19 4386 2309.00
193 2381.73 7824 6811.00
194 1543.30 7684 5206.00
195 843.89 9999 11021.00
196 1097.77 6928 4809.00
197 1449.90 5285 3716.00
198 732.30 6522 4313.00
199 206.22 3289 3609.00
200 2768.53 5520 5917.00
201 1862.16 4957 3511.00
202 724.88 2274 1205.00
203 932.94 9999 5424.00
204 249.67 1416 301.00
205 1050.59 5976 5807.00
206 2647.50 4042 2802.00
207 1147.95 5982 3508.00
208 982.32 5739 11610.00
209 659.64 2942 402.00
210 223.75 6875 11510.00
211 544.21 6759 6012.00
212 827.04 1017 0.00
213 1653.94 5660 3714.00
214 684.69 8281 17913.00
215 2073.31 4963 1114.00
216 503.68 8049 8313.00
217 827.14 2434 205.00
218 462.40 5627 509.00
219 1025.93 8529 3713.00
220 478.26 7414 4119.00
221 1375.51 4114 3404.00
222 2477.79 3248 2404.00
223 1350.49 7114 13415.00
224 2148.79 3331 101.00
225 3237.09 3803 704.00
226 1264.13 2823 904.00
227 1063.61 9361 15617.00
228 819.74 3884 3703.00
229 1273.22 9999 15025.00
230 864.05 6932 5919.00
231 157.40 622 0.00
232 698.66 2407 200.00
233 1082.63 1836 1.00
234 669.47 7764 4832.00
235 463.88 4468 1811.00
236 1143.74 3018 1703.00
237 1060.33 2801 1203.00
238 1237.20 9999 10716.00
239 1290.31 6568 5819.00
240 1656.73 6691 5215.00
241 1534.95 3539 906.00
242 2064.06 4246 3413.00
243 791.99 5602 2409.00
244 1570.56 6516 1409.00
245 917.85 3959 1804.00
246 876.73 5759 5106.00
247 786.55 6880 9412.00
248 671.89 6467 403.00
249 985.41 2625 1504.00
250 357.02 9999 9736.00
251 166.79 3732 2806.00
252 919.77 5288 4303.00
253 871.72 1687 101.00
254 377.70 3658 1811.00
255 455.02 4316 8410.00
256 978.46 3638 1304.00
257 555.71 7412 1917.00
258 536.67 6114 1703.00
259 748.14 7893 6723.00
260 1556.11 2839 902.00
261 761.56 5403 2009.00
262 405.55 7949 5614.00
263 478.44 7256 5111.00
264 491.74 2693 2202.00
265 607.38 5036 2805.00
266 460.95 6230 19007.00
267 849.49 5165 301.00
268 676.56 7789 5718.00
269 1007.89 4758 2206.00
270 494.62 4527 6906.00
271 323.22 4737 1001.00
272 459.89 6125 3719.00
273 586.45 3311 1709.00
274 112.59 1589 0.00
275 237.16 7540 5914.00
276 425.96 4465 2305.00
277 700.45 3553 904.00
278 428.00 4877 3510.00
279 226.19 8269 17519.00
280 511.43 5038 2403.00
281 154.87 4540 16207.00
282 1414.76 9277 13420.00
283 946.70 9999 11226.00
284 378.41 5609 4013.00
285 457.62 7077 5809.00
286 1001.68 5528 7814.00
287 134.35 3430 4707.00
288 311.95 6553 3409.00
289 407.16 6788 5104.00
290 691.31 9076 4505.00
291 1722.73 6114 5608.00
292 541.38 9999 10321.00
293 467.37 9999 14922.00
294 991.06 3245 401.00
295 1543.92 7818 8821.00
296 1203.58 8140 3413.00
297 615.25 6079 4809.00
298 408.46 4080 205.00
299 806.00 6977 13207.00
300 907.73 5124 7716.00
301 325.00 1686 0.00
302 1527.33 5047 3410.00
303 2282.20 5668 8010.00
304 538.94 6533 17615.00
305 1155.48 6843 6036.00
306 788.96 7334 3311.00
307 456.27 9700 6607.00
308 2379.41 3235 807.00
309 398.26 6411 2210.00
310 1616.18 7162 6321.00
311 533.88 5834 2205.00
312 276.46 6025 1008.00
313 560.85 3579 1705.00
314 209.83 1970 203.00
315 541.96 7419 11319.00
316 513.50 5545 905.00
317 453.47 4050 1705.00
318 476.60 2125 402.00
319 650.35 3538 408.00
320 718.33 5225 7613.00
321 156.55 1928 1002.00
322 494.92 5439 4513.00
323 348.17 9999 8415.00
324 572.32 3091 701.00
325 421.00 7375 8508.00
326 649.84 3021 1303.00
327 319.36 7825 6614.00
328 523.63 8907 6213.00
329 735.09 6100 9610.00
330 632.12 4475 2210.00
331 723.71 8211 12716.00
332 400.35 4383 2207.00
333 403.60 9760 8617.00
334 618.71 4526 3807.00
335 590.72 7688 8211.00
336 368.80 3624 1405.00
337 206.88 1094 1.00
338 371.94 5035 101.00
339 397.58 5574 401.00
340 472.54 7744 6410.00
341 212.58 5780 2.00
342 1066.78 2932 602.00
343 636.65 8095 3107.00
344 324.13 770 0.00
345 469.99 2619 102.00
346 403.02 6447 2615.00
347 713.40 7416 5712.00
348 1063.06 4718 2105.00
349 404.26 6573 3812.00
350 360.86 2620 1103.00
351 140.89 2084 400.00
352 221.59 4590 602.00
353 377.16 4037 806.00
354 659.04 3638 601.00
355 191.16 4057 1303.00
356 378.25 6772 5602.00
357 202.81 1598 100.00
358 158.46 1843 200.00
359 166.47 2983 0.00
360 606.07 5010 1005.00
361 605.10 7715 2210.00
362 237.73 1801 2.00
363 543.26 3581 1.00
364 323.25 3127 101.00
365 401.03 4743 1003.00
366 419.37 5607 7111.00
367 222.25 5520 3503.00
368 458.03 4516 400.00
369 214.49 1999 100.00
370 367.87 4166 404.00
371 154.66 4139 100.00
372 149.54 3470 408.00
373 154.17 3081 202.00
374 506.25 1625 100.00
375 450.16 2679 702.00
376 621.25 1950 1.00
377 211.51 1011 0.00
378 308.65 9999 15119.00
379 160.21 4576 1103.00
380 174.85 2443 201.00
381 301.63 4059 0.00
382 176.39 5015 504.00
383 495.09 3584 3904.00
384 493.11 9999 20224.00
385 447.60 4402 3902.00
386 405.64 2049 501.00
387 658.23 2870 304.00
388 156.99 873 0.00
389 158.91 8171 3610.00
390 397.35 3495 1201.00
391 575.20 7346 9322.00
392 313.23 5286 5512.00
393 238.70 4164 1106.00
394 145.35 4192 2609.00
395 450.26 7698 9521.00
396 685.81 4670 2.00
397 143.97 5038 3203.00
398 168.25 3375 700.00
399 274.24 5921 1206.00
400 592.43 9999 5728.00
401 819.51 2758 1602.00
402 362.61 3457 4607.00
403 339.89 4348 1202.00
404 312.19 9573 3810.00
405 546.06 1570 300.00
406 620.94 5561 5915.00
407 451.21 5830 15911.00
408 801.74 2364 2904.00
409 716.42 2803 601.00
410 466.38 1730 500.00
411 921.13 3417 5606.00
412 582.02 7374 7120.00
413 204.89 2989 1404.00
414 150.38 5014 2206.00
415 194.09 1567 1.00
416 395.87 2269 100.00
417 323.97 5942 3919.00
418 360.97 3681 504.00
419 146.82 2994 1005.00
420 134.25 1994 1709.00
421 758.23 6185 4720.00
422 1904.91 3418 2411.00
423 449.06 9999 13817.00
424 307.62 9999 20736.00
425 311.55 3596 3109.00
426 405.16 6171 4911.00
427 3641.56 5245 2207.00
428 458.39 4294 2411.00
429 4298.33 6039 11620.00
430 324.38 4603 1206.00
431 586.77 7595 7708.00
432 3545.22 9999 14828.00
433 1399.43 6616 13219.00
434 325.55 1438 0.00
435 708.95 2104 506.00
436 453.96 2725 0.00
437 1812.01 9223 9007.00
438 2374.21 8958 14620.00
439 729.15 1607 200.00
440 4126.64 4496 6801.00
441 3841.44 3277 2806.00
442 4189.16 5179 304.00
443 937.64 9999 11524.00
444 2439.04 9999 15624.00
445 875.94 4321 802.00
446 1073.51 9999 6418.00
447 974.27 3408 5007.00
448 5660.41 5167 12509.00
449 1673.07 1289 1.00
450 4471.75 8121 8333.00
451 1285.27 3632 701.00
452 1180.23 577 0.00
453 939.96 1782 0.00
454 835.77 6825 10309.00
455 1402.88 6127 6019.00
456 2276.42 6146 9012.00
457 687.56 7382 2311.00
458 672.03 4842 2708.00
459 1254.59 7938 7722.00
460 1671.37 9999 10427.00
461 1234.45 3237 2507.00
462 964.06 4853 4407.00
463 1577.91 6568 9213.00
464 1374.22 3522 907.00
465 1210.56 9045 11722.00
466 777.23 3021 1901.00
467 971.60 4517 711.00
468 838.16 4155 13.00
469 594.81 5476 1303.00
470 2613.47 6814 6023.00
471 482.38 8890 7635.00
472 1189.33 5884 9104.00
473 1415.86 656 400.00
474 1602.11 910 0.00
475 1567.33 5848 1411.00
476 729.01 4828 10311.00
477 2886.89 9874 8310.00
478 5140.44 8125 18326.00
479 447.20 4874 1004.00
480 978.45 4360 2511.00
481 930.63 9385 15522.00
482 2631.07 5701 8009.00
483 6895.96 4980 2902.00
484 10713.82 2943 0.00
485 529.41 526 0.00
486 42114.02 710 0.00
487 50952.41 585 0.00
488 428.53 533 0.00
489 3884.59 519 0.00
490 891.67 471 0.00
491 6262.16 4646 2210.00
492 2195.76 4663 1307.00
493 1385.44 2533 401.00
494 1155.51 9720 8735.00
495 1164.09 5227 1716.00
496 5536.19 5895 2806.00
497 558.91 4803 2210.00
498 3246.41 4997 5006.00
499 1016.89 4924 3511.00
500 1667.16 6239 9809.00
501 873.04 1608 102.00
502 3385.82 3468 5103.00
503 5129.36 8613 3313.00
504 12849.68 3094 501.00
505 2064.65 1029 0.00
506 1278.24 1696 0.00
507 16055.57 4092 1005.00
508 11351.27 5283 6207.00
509 662.52 599 0.00
510 1023.18 2629 400.00
511 3345.54 5978 3104.00
512 1071.19 4716 5512.00
513 9959.12 4702 5915.00
514 14376.80 3368 2608.00
515 2671.34 9999 14316.00
516 1897.53 9918 11219.00
517 13262.15 9277 14314.00
518 12744.38 6468 4924.00
519 10321.37 3508 2704.00
520 63962.22 1202 303.00
521 4626.24 2198 501.00
522 7952.92 8019 111.00
523 6833.71 7593 4807.00
524 1192.73 1559 301.00
525 2872.45 3127 2.00
526 3286.22 6735 7112.00
527 6687.09 8053 20525.00
528 10949.16 9999 12112.00
529 7212.65 5863 4612.00
530 2378.45 6314 1103.00
531 8472.80 4587 2405.00
532 16562.59 5848 4605.00
533 3544.72 5669 8507.00
534 1441.68 3329 800.00
535 1833.66 9999 9129.00
536 1143.46 1442 0.00
537 3172.17 3702 1408.00
538 26103.92 3199 1406.00
539 11080.38 2520 303.00
540 3551.19 3176 305.00
541 11269.07 5578 2105.00
542 3942.65 9999 11214.00
543 1825.32 3189 500.00
544 2675.59 3848 9009.00
545 4479.14 9999 13627.00
546 27139.64 1612 1.00
547 14974.46 3214 0.00
548 3078.91 6240 5606.00
549 5504.64 5630 6214.00
550 3290.60 2177 3.00
551 3199.78 6757 6607.00
552 2983.60 7127 5810.00
553 3557.29 6435 7711.00
554 2780.72 2594 3904.00
555 3944.23 6359 10318.00
556 2107.86 3228 0.00
557 2194.50 4126 906.00
558 3700.93 9999 18425.00
559 7316.63 4672 1301.00
560 6074.45 3426 0.00
561 4408.14 6543 3009.00
562 3791.34 7104 11513.00
563 7573.75 5944 4709.00
564 2874.07 3423 2008.00
565 6234.26 8315 900.00
566 2604.23 9999 6515.00
567 2204.14 9999 14821.00
568 1843.07 5514 303.00
569 6955.37 4283 1407.00
570 4225.92 2087 0.00
571 2183.33 5768 3607.00
572 18339.36 4318 1508.00
573 2858.30 1193 100.00
574 5362.81 2492 302.00
575 7625.40 7604 5213.00
576 2268.68 4631 0.00
577 3770.20 9999 9516.00
578 4266.30 8440 9312.00
579 2835.07 4737 2203.00
580 21554.34 5510 2902.00
581 10309.42 4895 4107.00
582 1757.40 5295 1806.00
583 1647.89 6213 3714.00
584 2259.13 6636 5010.00
585 7966.20 7770 7919.00
586 1379.58 2802 303.00
587 1711.23 4402 1008.00
588 12466.94 5034 8217.00
589 2604.74 5827 15906.00
590 2326.99 5046 1005.00
591 9242.86 9999 12430.00
592 2723.74 3599 300.00
593 1500.94 3146 902.00
594 3525.34 9468 8321.00
595 3935.47 8222 4308.00
596 2322.49 8480 11810.00
597 2293.43 5970 3404.00
598 2601.35 6814 5118.00
599 5639.94 4184 1706.00
600 2374.70 9999 10517.00
601 1523.54 7240 2314.00
602 9805.04 5353 411.00
603 5048.53 3335 904.00
604 1129.03 3159 2610.00
605 1348.68 3969 2507.00
606 2390.54 3398 2205.00
607 2419.25 2904 102.00
608 2294.23 7005 10407.00
609 7334.46 3648 1105.00
610 2511.40 6527 4512.00
611 2333.70 6761 16716.00
612 1737.22 6156 2409.00
613 2150.85 3040 204.00
614 4391.86 9895 11119.00
615 2509.79 3410 402.00
616 1848.57 4026 502.00
617 1843.40 4728 5507.00
618 1517.73 4465 701.00
619 3041.69 7447 3913.00
620 1116.60 4795 0.00
621 1807.60 6400 9607.00
622 1654.54 1761 501.00
623 10092.25 4039 303.00
624 2339.73 1135 100.00
625 1261.82 5062 0.00
626 1206.19 5409 4304.00
627 375.68 727 0.00
628 1000.19 2936 0.00
629 4475.39 7591 9514.00
630 869.25 2421 0.00
631 1160.80 2871 3601.00
632 1676.85 6023 401.00
633 1637.68 7169 4705.00
634 1370.86 7209 400.00
635 5387.39 8527 9010.00
636 1192.29 5513 504.00
637 1774.37 8496 2810.00
638 748.94 7660 5221.00
639 1491.39 4903 403.00
640 997.80 7368 3023.00
641 1789.28 6871 6408.00
642 1291.35 6000 9811.00
643 1542.79 6977 6710.00
644 1486.52 5273 4206.00
645 988.51 8358 3214.00
646 1471.62 3375 2807.00
647 939.38 1506 104.00
648 2027.02 4187 2603.00
649 1113.30 7755 9906.00
650 1868.43 4219 1903.00
651 2086.06 2240 202.00
652 2943.98 4556 405.00
653 1228.64 7450 17821.00
654 1858.63 5454 1006.00
655 1117.41 3015 2200.00
656 2324.54 3944 1102.00
657 7350.11 2220 2105.00
658 2553.90 7226 8106.00
659 2052.20 7281 5614.00
660 1465.29 9478 7015.00
661 4238.99 4342 5507.00
662 1718.86 4927 2705.00
663 2818.31 6299 8734.00
664 1798.54 3602 2109.00
665 1509.41 5970 2604.00
666 5005.37 6256 2811.00
667 1885.50 3934 1409.00
668 3160.06 6011 2911.00
669 1163.96 7287 2405.00
670 822.27 9999 18012.00
671 913.75 4357 1609.00
672 729.41 4479 703.00
673 1110.66 5970 907.00
674 777.14 4845 2410.00
675 1269.31 3271 2804.00
676 858.34 9999 12127.00
677 1133.22 6072 5409.00
678 2557.87 6837 4706.00
679 1678.70 9999 21728.00
680 733.25 4508 4107.00
681 984.46 3837 903.00
682 782.90 3846 3204.00
683 763.11 3331 4403.00
684 2169.87 7578 10513.00
685 898.30 9999 15028.00
686 822.24 9999 10508.00
687 6040.71 2228 700.00
688 1369.58 4510 1801.00
689 812.60 4777 4606.00
690 677.91 3510 407.00
691 831.03 6683 7209.00
692 676.48 4983 2507.00
693 1004.69 9959 9019.00
694 1085.13 6405 10519.00
695 845.14 8559 4107.00
696 1233.58 5459 3117.00
697 885.45 7714 7504.00
698 1042.04 9999 10730.00
699 1314.41 3168 2105.00
700 651.75 7168 4617.00
701 901.56 8567 14220.00
702 652.26 9999 17317.00
703 900.64 8155 8726.00
704 1514.87 5650 12012.00
705 910.76 8735 10117.00
706 1985.57 9999 7913.00
707 1002.99 9999 11717.00
708 944.59 4893 814.00
709 1051.65 6285 1808.00
710 1050.10 5924 2914.00
711 1933.41 7061 3924.00
712 869.72 3092 2604.00
713 778.52 3480 1005.00
714 1089.14 6488 3204.00
715 1918.95 8277 11519.00
716 699.72 4529 9006.00
717 724.16 6262 1607.00
718 872.15 4769 5105.00
719 2478.07 8902 12620.00
720 1363.83 4112 5604.00
721 847.12 5655 2411.00
722 1278.10 3450 6304.00
723 2925.24 9999 5218.00
724 803.51 3828 3303.00
725 2102.40 5137 12211.00
726 1920.64 5665 6213.00
727 2036.91 6323 2904.00
728 756.37 4163 404.00
729 927.55 6042 2307.00
730 1779.72 8120 27216.00
731 1367.58 7768 17920.00
732 1684.32 5598 2212.00
733 712.14 2381 604.00
734 533.33 2326 201.00
735 2521.07 9999 10711.00
736 1553.17 5799 803.00
737 1710.97 9041 9915.00
738 2211.84 2816 702.00
739 1474.50 7966 2819.00
740 1070.01 4092 903.00
741 1738.84 5706 1807.00
742 1082.30 6486 2402.00
743 876.35 6410 6217.00
744 2872.30 2032 100.00
745 1697.96 3646 6208.00
746 1308.19 3319 1900.00
747 2047.02 3276 1.00
748 1187.96 3789 3207.00
749 2114.39 940 0.00
750 1811.09 6183 6514.00
751 1420.02 4996 807.00
752 2373.34 7748 17727.00
753 1739.51 6193 1507.00
754 1951.54 9999 23821.00
755 805.63 4514 5011.00
756 3999.93 4664 1905.00
757 5594.50 3122 2002.00
758 503.68 6335 5110.00
759 782.02 7369 6905.00
760 2099.54 8697 7908.00
761 718.72 3011 1006.00
762 719.87 5308 5609.00
763 3177.87 4969 1108.00
764 860.05 1025 400.00
765 837.45 2525 603.00
766 1455.11 5776 6108.00
767 977.41 4767 3504.00
768 2743.67 5492 2214.00
769 655.66 2569 0.00
770 798.47 7282 4813.00
771 1911.40 8314 9131.00
772 390.58 3681 2004.00
773 3366.40 4196 8008.00
774 2255.96 6161 5119.00
775 4082.87 3001 0.00
776 1038.34 3077 402.00
777 1112.92 4077 602.00
778 2020.11 6338 3114.00
779 925.58 3193 1201.00
780 1196.17 4530 3607.00
781 827.49 3497 2209.00
782 1820.02 9320 14320.00
783 1029.87 6251 1821.00
784 631.72 5313 4812.00
785 554.88 5257 1511.00
786 1099.31 5322 1501.00
787 1139.26 3202 1603.00
788 2819.30 5532 9108.00
789 1188.84 4486 1705.00
790 614.24 5595 402.00
791 875.83 4857 2008.00
792 697.75 1999 701.00
793 373.54 6429 3607.00
794 1104.57 7520 3915.00
795 600.85 4825 4707.00
796 760.27 4412 5602.00
797 1911.71 5922 3010.00
798 822.08 4835 803.00
799 369.94 1756 0.00
800 268.45 1475 0.00
801 2310.15 1877 0.00
802 491.27 1632 0.00
803 602.79 1989 0.00
804 658.37 3723 0.00
805 999.61 1686 0.00
806 911.66 3389 102.00
807 1195.80 6393 806.00
808 1511.58 7304 12714.00
809 1053.26 8870 13418.00
810 924.09 4918 3205.00
811 469.54 3068 8511.00
812 486.41 5640 3011.00
813 361.90 4419 4606.00
814 524.27 7673 6710.00
815 631.53 3057 1902.00
816 459.61 2362 402.00
817 592.50 4347 2911.00
818 817.36 8923 4721.00
819 1698.32 5946 504.00
820 665.67 7350 1203.00
821 1048.07 2186 1204.00
822 2350.02 4589 3906.00
823 1407.68 4620 3705.00
824 389.43 3473 1906.00
825 983.14 3618 200.00
826 405.11 2925 101.00
827 637.25 2558 302.00
828 688.39 5747 1703.00
829 318.22 3976 1007.00
830 291.58 3128 901.00
831 309.47 3568 3703.00
832 507.27 3243 300.00
833 433.17 3670 1601.00
834 576.53 3793 3914.00
835 686.98 4596 4919.00
836 710.60 6800 12305.00
837 498.24 3567 3710.00
838 581.41 3031 1706.00
839 431.07 1854 0.00
840 589.28 2829 803.00
841 1576.52 9999 13121.00
842 2493.37 6148 12716.00
843 1662.97 5224 2403.00
844 564.26 3596 501.00
845 595.48 3778 2604.00
846 758.08 6158 4112.00
847 695.26 2282 1.00
848 702.96 2837 2903.00
849 1314.99 4949 5409.00
850 3532.58 2260 403.00
851 732.35 6514 2205.00
852 822.45 2920 101.00
853 809.49 4553 3815.00
854 1071.45 5108 3408.00
855 333.06 2458 800.00
856 1162.20 4811 1607.00
857 1762.78 3360 801.00
858 705.21 4490 5506.00
859 1034.11 8187 4711.00
860 889.37 3424 305.00
861 611.97 3692 3206.00
862 410.47 802 200.00
863 986.59 6611 1104.00
864 565.57 2310 2.00
865 655.12 3496 205.00
866 601.89 1259 0.00
867 1034.18 3701 1003.00
868 809.20 2857 2.00
869 472.31 2759 703.00
870 765.29 4026 2404.00
871 937.83 5134 4311.00
872 842.97 6035 4409.00
873 566.97 3542 2508.00
874 397.29 2236 0.00
875 606.30 1701 500.00
876 443.90 4232 2012.00
877 310.51 5611 103.00
878 249.85 1759 0.00
879 336.13 5715 1407.00
880 704.41 7338 9815.00
881 542.43 5512 7108.00
882 1004.11 2053 0.00
883 1053.59 1034 101.00
884 421.11 2098 0.00
885 431.79 5337 1608.00
886 239.15 5917 9308.00
887 361.65 3988 6907.00
888 219.48 1804 0.00
889 250.60 2334 0.00
890 361.73 5708 905.00
891 463.41 5632 2708.00
892 578.12 6532 5719.00
893 619.17 2735 3204.00
894 321.83 579 0.00
895 360.16 4837 408.00
896 690.07 5137 4204.00
897 351.68 6174 3709.00
898 300.60 397 0.00
899 175.67 1273 0.00
900 371.51 4789 802.00
901 310.02 9225 23619.00
902 602.24 2769 203.00
903 518.53 6890 3212.00
904 534.70 8040 4718.00
905 474.44 4951 502.00
906 737.31 8808 8516.00
907 1700.26 8841 9313.00
908 520.34 3509 2802.00
909 413.87 6855 6115.00
910 521.64 4510 901.00
911 1275.18 9999 21815.00
912 725.84 5447 1906.00
913 3964.39 7745 6417.00
914 1944.70 6983 5119.00
915 11427.64 8066 1614.00
916 559.25 2165 902.00
917 13566.40 6546 8306.00
918 578.30 9105 9617.00
919 471.64 5154 1503.00
920 9626.94 7473 1706.00
921 2049.26 3905 1004.00
922 959.01 6624 505.00
923 280.82 1618 0.00
924 396.80 2147 300.00
925 662.50 2853 0.00
926 206.76 2845 903.00
927 378.07 3129 603.00
928 139.34 4456 601.00
929 1308.06 5968 7710.00
930 965.14 2786 308.00
931 3021.85 3308 403.00
932 463.29 5250 4509.00
933 965.70 5454 3206.00
934 6659.15 9999 8327.00
935 1216.04 4045 0.00
936 792.48 3112 101.00
937 1667.02 4526 1606.00
938 516.63 6864 2513.00
939 400.62 5762 1608.00
940 13307.02 4530 2410.00
941 314.58 9162 2706.00
942 13260.83 9999 10426.00
943 512.79 5693 5312.00
944 1518.17 3007 2705.00
945 6997.65 7707 10108.00
946 770.77 4287 804.00
947 2101.19 2304 0.00
948 21141.29 3635 802.00
949 249.11 9999 7128.00
950 563.29 7016 23821.00
951 3698.91 7517 5103.00
952 691.71 9999 10118.00
953 196.72 4440 3507.00
954 242.50 2399 102.00
955 421.40 9232 15624.00
956 5358.41 4624 506.00
957 1507.40 5647 301.00
958 261.20 6105 1107.00
959 390.44 2555 1601.00
960 7844.17 2617 202.00
961 586.52 8211 7614.00
962 524.52 9999 5913.00
963 4325.67 4474 2306.00
964 3531.21 6364 5411.00
965 305.98 6599 6311.00
966 400.82 3971 602.00
967 518.32 1965 1502.00
968 319.65 6613 6111.00
969 409.22 4502 3915.00
970 688.43 3232 1208.00
971 358.10 5879 3006.00
972 723.02 4122 10607.00
973 1319.75 2797 101.00
974 424.00 5033 511.00
975 8364.43 2473 201.00
976 261.15 4514 1002.00
977 500.94 4707 2905.00
978 2894.21 3922 1003.00
979 744.16 3578 0.00
980 201.77 2928 502.00
981 838.00 3908 3108.00
982 1278.92 3680 1204.00
983 314.03 6216 5613.00
984 133.69 2669 101.00
985 410.22 5401 1810.00
986 3486.05 3917 2907.00
987 238.72 1859 3.00
988 521.35 4707 2405.00
989 275.28 7356 4919.00
990 2492.75 5369 2011.00
991 263.25 2862 1409.00
992 351.87 9999 13824.00
993 215.97 5453 2106.00
994 313.30 2009 201.00
995 530.12 2470 200.00
996 426.88 4533 1704.00
997 656.29 3258 1605.00
998 241.56 2364 100.00
999 200.55 1876 405.00
1000 147.67 4560 1307.00
1001 517.48 3365 1502.00
1002 1293.88 5218 1919.00
1003 104.67 3388 0.00
1004 229.92 5308 6108.00
1005 402.89 4862 2.00
1006 55.49 1255 2.00
1007 319.22 6306 1905.00
1008 452.84 5858 4711.00
1009 162.16 2768 0.00
1010 99.94 2180 1.00
1011 390.04 4858 3905.00
1012 799.48 8337 6415.00
1013 180.93 3335 107.00
1014 355.08 5534 10406.00
1015 365.13 8027 3310.00
1016 106.15 3921 701.00
1017 254.97 7081 3505.00
1018 564.97 3646 1204.00
1019 410.93 3315 403.00
1020 58.79 2076 2.00
1021 359.52 4040 2006.00
1022 59.10 3505 302.00
