0 117.31 8824 18519.00
1 67.69 3696 1311.00
2 75.80 7152 9621.00
3 113.92 9999 57119.00
4 282.70 4677 4612.00
5 372.40 7980 8310.00
6 462.64 3852 2410.00
7 319.04 9999 16523.00
8 251.88 5602 2707.00
9 283.97 7434 5421.00
10 302.54 6755 4513.00
11 250.08 3893 3014.00
12 169.00 9999 6630.00
13 436.41 9999 12632.00
14 288.73 5830 6012.00
15 500.46 3024 910.00
16 107.79 1514 0.00
17 121.42 6770 5415.00
18 90.05 9999 6540.00
19 448.90 6053 11707.00
20 299.60 6561 4315.00
21 636.11 2718 300.00
22 302.63 4760 3306.00
23 320.48 4267 2207.00
24 325.09 1871 403.00
25 225.53 3493 3710.00
26 655.14 2715 6101.00
27 423.24 4551 2407.00
28 839.29 9424 4811.00
29 432.49 7986 4311.00
30 622.31 9785 15714.00
31 665.40 4920 4006.00
32 414.18 3482 2803.00
33 707.25 4539 1407.00
34 730.97 5471 14710.00
35 646.76 4108 4208.00
36 400.78 9999 17838.00
37 156.63 6768 5411.00
38 615.49 7961 12809.00
39 539.81 9178 10018.00
40 460.59 9999 17625.00
41 731.69 4744 2121.00
42 555.10 5859 4412.00
43 275.58 8954 7215.00
44 663.47 5898 5110.00
45 150.32 1883 3607.00
46 227.78 6534 12007.00
47 679.26 5657 5308.00
48 946.50 4404 3206.00
49 954.64 7655 5913.00
50 703.90 9422 16115.00
51 355.63 5228 8010.00
52 486.69 4570 2108.00
53 652.06 7450 6311.00
54 768.61 9281 17725.00
55 563.00 4954 1407.00
56 943.74 7078 3522.00
57 552.14 9872 5523.00
58 1494.30 2135 405.00
59 583.00 9999 14220.00
60 326.41 4697 6010.00
61 360.83 4266 3710.00
62 199.75 5562 2610.00
63 537.48 6445 5311.00
64 1295.60 5728 5907.00
65 700.54 6718 5121.00
66 347.23 6918 3409.00
67 281.36 8015 13524.00
68 323.79 9999 15227.00
69 647.18 4761 5010.00
70 445.78 9999 9930.00
71 760.36 3747 802.00
72 588.16 6955 4715.00
73 300.45 4117 3508.00
74 507.91 7288 11908.00
75 610.68 8106 5209.00
76 769.82 6306 3210.00
77 461.78 8272 6015.00
78 959.91 4160 1006.00
79 744.69 3409 1006.00
80 431.74 7362 5722.00
81 525.47 3929 2507.00
82 694.21 6112 4411.00
83 469.33 9999 14815.00
84 1258.63 2910 1104.00
85 599.12 4386 4317.00
86 465.88 3613 2208.00
87 757.13 8247 4312.00
88 578.77 6747 3212.00
89 892.62 9238 10929.00
90 399.31 2976 305.00
91 745.70 5693 3010.00
92 770.24 5816 2506.00
93 888.46 7196 11413.00
94 745.39 3586 811.00
95 456.98 9999 21916.00
96 610.41 7027 9407.00
97 733.82 5386 4313.00
98 895.45 5647 4514.00
99 866.02 9999 13432.00
100 805.55 8600 6115.00
101 732.98 7840 9721.00
102 1076.00 7140 2617.00
103 979.56 6032 1912.00
104 1096.31 9224 15413.00
105 851.13 9999 8718.00
106 1310.07 6625 3811.00
107 649.50 4652 2414.00
108 703.97 7025 4319.00
109 834.67 4282 10805.00
110 779.57 2081 2903.00
111 611.24 8900 6609.00
112 452.73 1515 1203.00
113 583.77 9999 10027.00
114 391.16 9999 9132.00
115 301.70 4703 903.00
116 300.47 4978 1207.00
117 240.42 3892 1104.00
118 300.68 6492 21612.00
119 186.09 4244 709.00
120 639.69 6305 3111.00
121 1761.14 5756 2506.00
122 415.89 9999 15532.00
123 494.26 4699 904.00
124 1590.50 9710 15726.00
125 2799.39 9999 7915.00
126 435.29 8595 21112.00
127 1492.57 9385 17215.00
128 1444.91 9999 13231.00
129 573.10 3673 304.00
130 489.79 5309 4911.00
131 363.48 7014 4415.00
132 899.79 5053 9609.00
133 1301.03 1600 1.00
134 476.39 5972 2911.00
135 483.12 3958 1406.00
136 761.75 6324 7508.00
137 484.12 6938 8021.00
138 636.01 8826 12415.00
139 892.35 5029 2206.00
140 843.56 6065 7409.00
141 468.43 9999 9430.00
142 774.91 7348 4112.00
143 682.84 4972 5413.00
144 775.34 3692 2404.00
145 632.89 2460 602.00
146 433.31 4516 1707.00
147 408.65 9999 6824.00
148 317.11 4247 2605.00
149 366.70 6364 1809.00
150 163.17 9999 8333.00
151 151.39 9646 7121.00
152 166.86 4059 3102.00
153 241.57 5895 3914.00
154 508.15 3241 3505.00
155 147.45 3882 405.00
156 333.78 6324 6821.00
157 166.37 2736 202.00
158 316.43 3111 302.00
159 531.22 2908 703.00
160 286.93 5092 4908.00
161 363.38 7644 13706.00
162 271.93 6011 3905.00
163 396.52 6284 6617.00
164 379.05 2561 200.00
165 347.62 5882 802.00
166 597.63 9999 12834.00
167 117.92 4158 3604.00
168 444.61 7086 2917.00
169 338.32 8290 13231.00
170 264.45 4245 1505.00
171 249.34 4742 1405.00
172 329.98 2892 1409.00
173 318.22 3539 505.00
174 284.93 7315 5609.00
175 241.57 4868 4907.00
176 461.20 5061 9307.00
177 606.62 2711 302.00
178 221.08 7342 5523.00
179 172.73 6095 7915.00
180 143.92 4643 2608.00
181 135.42 2559 705.00
182 131.29 4828 303.00
183 109.94 8302 6613.00
184 112.58 6670 8209.00
185 85.53 7844 3809.00
186 156.06 9999 7314.00
187 349.78 2506 3.00
188 324.45 5326 5716.00
189 313.90 9999 10316.00
190 393.91 7308 4305.00
191 288.02 3072 803.00
192 187.70 9999 5219.00
193 265.48 9999 17725.00
194 523.53 9999 7423.00
195 128.90 4526 1105.00
196 418.20 9999 9821.00
197 146.49 4148 5808.00
198 124.34 3805 1411.00
199 123.83 3355 2604.00
200 181.99 9999 5124.00
201 142.81 3754 1404.00
202 133.51 8111 3820.00
203 155.06 2185 504.00
204 136.02 3711 3906.00
205 148.60 9999 10230.00
206 215.74 6681 6216.00
207 310.80 5557 4708.00
208 280.43 3477 4405.00
209 258.05 3570 1006.00
210 108.69 3587 808.00
211 90.24 4943 805.00
212 293.44 4814 2009.00
213 66.74 4574 1914.00
214 213.88 9484 14412.00
215 874.82 9999 12531.00
216 206.33 7522 6317.00
217 414.34 5322 6609.00
218 1493.48 3958 2904.00
219 453.43 7267 9315.00
220 120.90 7774 10318.00
221 435.02 8450 11124.00
222 574.75 6653 4113.00
223 301.72 9999 24030.00
224 208.75 2708 1304.00
225 620.78 7496 9414.00
226 383.71 7011 7813.00
227 3283.55 6482 8711.00
228 4145.69 2587 203.00
229 487.29 2447 1902.00
230 3351.42 2707 3701.00
231 478.78 4215 4002.00
232 395.47 2818 0.00
233 824.53 2941 705.00
234 619.82 3627 505.00
235 462.24 4137 8.00
236 272.51 5604 7412.00
237 305.90 5880 2706.00
238 408.47 5662 3508.00
239 1543.54 6412 2409.00
240 499.34 6294 8705.00
241 513.11 6171 5511.00
242 382.63 6293 5910.00
243 512.38 3474 205.00
244 282.10 3541 1506.00
245 55.14 724 0.00
246 332.21 4344 3807.00
247 104.67 6054 6715.00
248 416.09 5440 1007.00
249 378.28 2670 101.00
250 281.48 5964 2211.00
251 569.99 4751 1.00
252 279.06 6564 7209.00
253 366.21 4609 5405.00
254 256.08 4153 2809.00
255 528.23 2569 1104.00
256 733.70 3975 2204.00
257 439.34 5170 9910.00
258 148.53 3375 403.00
259 503.47 2464 1002.00
260 136.77 4766 7004.00
261 576.06 9666 11719.00
262 748.54 6023 1908.00
263 316.62 3317 503.00
264 705.91 6224 2418.00
265 733.07 7558 3414.00
266 904.34 7640 11513.00
267 837.04 7020 8306.00
268 672.44 5774 2908.00
269 716.54 5866 6419.00
270 986.58 5379 6412.00
271 1555.80 2782 405.00
272 893.99 7017 4015.00
273 1136.72 8312 6526.00
274 739.16 7014 11007.00
275 1226.28 3782 5913.00
276 1289.03 9563 16628.00
277 671.48 1042 102.00
278 3030.23 478 0.00
279 1514.72 4484 6705.00
280 1546.95 3401 3207.00
281 1185.28 4384 11207.00
282 950.21 8479 14518.00
283 1047.04 7011 3008.00
284 857.57 5690 1707.00
285 898.78 5153 2304.00
286 906.59 5253 3208.00
287 1252.16 6672 7314.00
288 1724.73 5715 3610.00
289 920.84 5595 6009.00
290 813.35 3762 303.00
291 662.95 8388 11217.00
292 1472.64 5049 1307.00
293 1024.14 2692 1005.00
294 625.43 9514 12218.00
295 832.58 4418 906.00
296 380.44 6961 3512.00
297 290.70 6320 3705.00
298 396.35 4341 3806.00
299 430.37 2651 0.00
300 339.22 6487 9012.00
301 496.59 7085 11821.00
302 810.08 5280 4614.00
303 739.19 3528 1508.00
304 600.07 3831 6705.00
305 696.08 9999 6915.00
306 537.01 3915 1606.00
307 623.15 1919 3402.00
308 590.72 1151 100.00
309 1219.34 3842 3405.00
310 839.23 3669 6108.00
311 293.37 4617 2811.00
312 550.40 8938 18625.00
313 982.88 9692 13020.00
314 704.01 2187 0.00
315 220.15 2763 0.00
316 943.92 5213 3211.00
317 468.77 3004 701.00
318 388.58 4554 3205.00
319 1305.83 4090 4305.00
320 413.40 4177 2507.00
321 823.62 5190 7510.00
322 1009.84 3938 902.00
323 703.49 5671 4313.00
324 623.06 6722 3813.00
325 686.66 3963 5306.00
326 816.58 9238 10214.00
327 1082.45 2596 602.00
328 1404.78 9999 11525.00
329 1620.69 4584 3809.00
330 1667.78 9566 11918.00
331 1070.05 4488 706.00
332 1505.30 1957 202.00
333 1391.31 3032 2502.00
334 2246.60 7716 14509.00
335 2309.46 7269 19618.00
336 2307.45 6098 3816.00
337 1822.17 9110 13217.00
338 1895.45 5714 3213.00
339 2097.87 7239 8518.00
340 1668.37 9999 9631.00
341 862.34 2942 901.00
342 965.10 6091 2312.00
343 2257.15 5365 3017.00
344 1747.70 7713 6219.00
345 3894.55 9999 26221.00
346 5011.22 4588 2300.00
347 3709.29 6732 13516.00
348 4238.89 6310 7308.00
349 2477.34 5827 3005.00
350 1633.13 4476 3409.00
351 1991.47 9999 7324.00
352 1201.25 5153 4019.00
353 1462.00 9999 12220.00
354 4919.26 7619 6311.00
355 2659.17 3614 1806.00
356 2253.89 9999 6620.00
357 1260.18 5599 2705.00
358 488.88 7075 5416.00
359 762.95 9334 16724.00
360 881.72 2098 300.00
361 835.29 5084 5013.00
362 820.06 7519 6821.00
363 758.49 5634 8817.00
364 523.28 3466 906.00
365 388.38 758 0.00
366 949.38 5839 4608.00
367 625.02 8635 1609.00
368 645.45 6340 6017.00
369 615.73 6231 3111.00
370 699.23 4755 606.00
371 592.75 5351 3308.00
372 410.37 7942 7310.00
373 624.49 4333 4103.00
374 409.89 9999 8127.00
375 296.29 2966 105.00
376 274.16 2844 303.00
377 267.27 8449 7817.00
378 393.87 7985 12120.00
379 583.00 5340 5714.00
380 604.00 6332 9109.00
381 412.48 9167 10728.00
382 303.23 4870 6111.00
383 240.63 2235 1.00
384 405.16 9999 12017.00
385 328.12 9196 4814.00
386 720.21 4710 5509.00
387 419.19 5980 7111.00
388 659.02 6864 1311.00
389 980.27 6172 4614.00
390 395.59 8255 9014.00
391 256.28 2176 1201.00
392 460.54 6250 10203.00
393 430.42 9696 14614.00
394 457.88 5436 9709.00
395 157.17 516 0.00
396 823.10 1061 0.00
397 484.66 7952 5713.00
398 306.69 5116 7011.00
399 425.23 4756 1309.00
400 468.02 9737 8131.00
401 470.95 7223 4014.00
402 315.92 6958 6615.00
403 255.84 6455 5215.00
404 305.02 8760 16023.00
405 581.67 9999 8122.00
406 341.76 6768 6012.00
407 143.74 3145 100.00
408 322.08 7854 6717.00
409 207.49 2993 3005.00
410 226.93 5684 105.00
411 131.56 5304 5216.00
412 473.92 5408 3408.00
413 367.59 4676 2603.00
414 390.90 5828 3807.00
415 1417.97 2716 2507.00
416 289.49 3588 4806.00
417 433.07 3808 1905.00
418 947.98 3741 803.00
419 314.84 4089 2707.00
420 105.04 3141 1002.00
421 99.98 5847 3313.00
422 251.05 4340 1808.00
423 155.97 6537 9212.00
424 199.84 5777 4708.00
425 293.55 8297 14019.00
426 537.24 5986 4805.00
427 424.92 5319 4010.00
428 451.63 5192 1009.00
429 340.09 2906 1403.00
430 309.06 8638 9817.00
431 447.96 9450 17627.00
432 271.37 5586 2806.00
433 368.37 6448 2608.00
434 517.60 8916 10323.00
435 264.97 9168 7532.00
436 360.71 9999 17319.00
437 239.43 2304 0.00
438 330.17 3523 4107.00
439 345.95 8032 5516.00
440 602.74 2337 503.00
441 205.44 2949 803.00
442 548.85 4125 2006.00
443 423.20 9482 15013.00
444 282.24 1883 806.00
445 385.30 5559 9507.00
446 1088.53 4913 8305.00
447 2668.80 1561 0.00
448 1149.06 4929 102.00
449 2058.50 2291 0.00
450 1506.88 2630 502.00
451 1498.42 3477 3305.00
452 960.05 2091 0.00
453 1872.11 3684 705.00
454 791.89 5896 5213.00
455 623.59 6199 11218.00
456 1136.38 5368 2813.00
457 971.77 4928 2510.00
458 1239.51 4494 905.00
459 611.14 9999 7130.00
460 768.92 7188 4325.00
461 803.65 7791 10920.00
462 315.61 6925 4112.00
463 221.63 8699 9722.00
464 313.29 6209 3423.00
465 287.13 3555 2006.00
466 260.12 3500 606.00
467 293.93 9999 12313.00
468 636.18 3542 2302.00
469 408.15 9999 8724.00
470 345.66 9999 15026.00
471 608.46 9138 7715.00
472 281.84 7398 8224.00
473 202.67 6744 3503.00
474 447.43 5212 1407.00
475 652.94 2445 1802.00
476 215.38 4649 1303.00
477 525.18 1851 1003.00
478 152.13 3749 503.00
479 349.27 9851 9814.00
480 289.53 4002 1906.00
481 689.36 2053 2.00
482 739.49 2181 1504.00
483 333.84 2564 403.00
484 145.50 7411 6517.00
485 279.44 4899 1602.00
486 419.24 8222 5807.00
487 673.08 3779 2909.00
488 411.28 5675 3308.00
489 408.13 6317 4311.00
490 453.86 5283 6316.00
491 730.21 4734 4607.00
492 213.21 7270 307.00
493 575.91 5917 1506.00
494 1285.71 1507 0.00
495 324.81 942 0.00
496 718.35 7300 5815.00
497 448.04 6755 3309.00
498 540.30 9999 14619.00
499 437.70 9689 7525.00
500 780.06 2824 703.00
501 434.09 6273 2511.00
502 692.02 4641 1705.00
503 553.77 5959 0.00
504 444.13 9999 15435.00
505 655.01 3636 1303.00
506 249.31 2280 1100.00
507 763.03 4387 3810.00
508 905.21 3377 1706.00
509 264.99 1052 0.00
510 213.74 1769 0.00
511 422.16 3266 1606.00
512 465.62 2166 203.00
513 878.77 5562 3008.00
514 909.73 3358 706.00
515 373.37 3356 2609.00
516 179.37 1704 0.00
517 183.34 1180 1.00
518 422.62 3112 201.00
519 165.30 3994 1410.00
520 134.25 3397 405.00
521 235.33 4851 2107.00
522 792.29 3317 0.00
523 137.62 6062 4017.00
524 409.03 4044 6708.00
525 588.50 4526 4316.00
526 601.54 2714 3.00
527 143.09 2515 4202.00
528 380.45 2961 1205.00
529 97.41 3493 200.00
530 195.39 9999 11424.00
531 276.11 9990 6511.00
532 224.17 5849 4412.00
533 95.37 1532 704.00
534 415.57 9999 15516.00
535 415.10 2303 0.00
536 238.05 3063 402.00
537 393.97 2420 301.00
538 125.30 4399 4017.00
539 109.27 2695 101.00
540 438.88 3554 304.00
541 216.02 7761 5515.00
542 103.70 2236 701.00
543 116.32 5095 7709.00
544 360.47 5254 5909.00
545 342.18 9196 12018.00
546 646.95 3199 200.00
547 143.11 7686 12611.00
548 670.77 5900 2410.00
549 388.65 8354 14519.00
550 300.68 6140 5210.00
551 426.47 7073 5810.00
552 638.31 5101 2911.00
553 990.15 1801 1.00
554 619.14 5378 109.00
555 929.29 4284 702.00
556 254.02 590 0.00
557 571.04 838 0.00
558 621.84 3182 2312.00
559 858.99 3621 304.00
560 448.29 1181 0.00
561 466.15 9999 10449.00
562 654.81 6272 4806.00
563 688.22 3835 2805.00
564 429.18 7963 7415.00
565 501.13 5081 3005.00
566 351.58 9999 4805.00
567 136.87 6115 5410.00
568 215.04 5307 5704.00
569 172.95 2385 200.00
570 185.02 3938 1402.00
571 954.88 4036 3104.00
572 661.48 8326 8512.00
573 319.99 4639 705.00
574 459.30 6226 909.00
575 1266.42 1481 600.00
576 843.14 5838 5107.00
577 1124.87 1607 0.00
578 903.19 6828 9317.00
579 951.85 3854 1810.00
580 1109.59 1026 201.00
581 909.13 3233 2506.00
582 1184.36 2093 1004.00
583 1365.83 6047 1905.00
584 1332.33 6030 3604.00
585 2166.28 9999 8443.00
586 1331.26 6144 6515.00
587 1503.66 2236 0.00
588 1516.16 6780 1711.00
589 934.54 3305 1708.00
590 1471.06 2022 903.00
591 793.69 5157 3211.00
592 1343.95 4233 603.00
593 1582.42 9674 12116.00
594 1644.25 9999 11224.00
595 1698.14 9152 3306.00
596 1334.88 9505 10823.00
597 1642.80 5537 502.00
598 1245.05 5554 1305.00
599 1511.63 2371 100.00
600 776.49 4190 4306.00
601 1414.53 4433 1702.00
602 920.65 2380 2.00
603 1606.75 1952 101.00
604 1466.55 2273 4.00
605 1090.25 2141 1.00
606 1258.64 2362 2500.00
607 830.64 3514 403.00
608 851.87 3405 805.00
609 1407.37 2720 1.00
610 1201.42 7570 6410.00
611 479.76 4707 3915.00
612 1069.07 8403 5212.00
613 1045.59 8731 9622.00
614 738.85 8703 10820.00
615 689.38 6332 1111.00
616 659.99 5157 3410.00
617 420.50 3692 1001.00
618 694.72 4332 2504.00
619 355.46 6170 4516.00
620 395.44 4609 702.00
621 413.09 7080 7515.00
622 533.56 3324 1005.00
623 319.72 4275 1405.00
624 400.89 5243 503.00
625 258.71 8215 2919.00
626 298.19 5565 204.00
627 257.95 5114 5019.00
628 337.18 4453 1005.00
629 136.31 6532 6706.00
630 107.26 1730 402.00
631 141.03 9999 14721.00
632 400.57 9999 10717.00
633 157.09 8506 8814.00
634 100.41 4577 3803.00
635 319.69 7833 12107.00
636 144.71 4911 4706.00
637 346.88 9999 7512.00
638 241.08 6176 3711.00
639 427.27 9999 11225.00
640 781.49 3599 1006.00
641 652.26 2229 401.00
642 731.33 3551 1707.00
643 340.40 6545 807.00
644 319.21 3391 3405.00
645 138.23 2187 201.00
646 558.57 2372 2102.00
647 155.89 3047 205.00
648 580.58 3538 305.00
649 411.07 6960 4813.00
650 378.84 4983 2216.00
651 349.97 2853 1601.00
652 193.61 7172 8105.00
653 227.16 5967 5608.00
654 213.48 6659 8410.00
655 398.55 2805 1206.00
656 280.09 4766 2303.00
657 348.27 3281 603.00
658 358.06 7340 10816.00
659 413.68 3903 504.00
660 387.29 8203 4512.00
661 124.60 1482 0.00
662 403.03 2194 202.00
663 156.14 2835 4103.00
664 599.42 4266 2207.00
665 102.52 695 0.00
666 416.42 9999 12528.00

667 51.82 4048 901.00
668 19.80 4316 0.00
669 13.41 1438 1501.00

670 57.84 2223 105.00
671 41.92 3002 1010.00
672 98.09 6599 5115.00
673 104.05 2642 1.00
674 138.77 6712 10017.00
675 364.75 3117 2108.00
676 403.10 7203 5914.00

677 36.60 2021 1503.00
678 64.23 8100 4009.00
679 132.29 1735 501.00
680 99.05 2121 0.00
681 294.47 3727 1905.00
682 1103.41 635 0.00
683 96.75 2293 0.00
684 659.82 1016 0.00
685 682.38 1960 0.00
686 1054.33 585 0.00
687 102.93 3789 604.00
688 445.04 3375 902.00
689 798.77 1852 0.00
690 238.41 4789 902.00
691 314.31 4201 1204.00
692 151.92 3937 1705.00
693 309.62 3489 701.00
694 606.11 1233 0.00
695 190.53 655 0.00
696 86.14 3823 0.00
697 300.54 7301 5111.00
698 250.89 4717 1102.00
699 112.28 2864 0.00
700 258.83 3915 301.00
701 234.30 5245 2511.00
702 78.83 918 0.00
703 312.78 5294 9609.00
704 429.03 4864 5607.00
705 506.98 2703 202.00
706 582.34 2485 1901.00
707 468.23 5523 3509.00
708 400.14 8586 13432.00
709 432.55 2681 0.00
710 147.65 2697 1601.00
711 158.13 1698 0.00
712 426.77 6450 803.00
713 1337.03 4848 3010.00
714 408.13 3529 1809.00
715 504.41 4108 6309.00
716 498.76 4932 1506.00
717 1175.72 4998 6117.00
718 884.91 9999 11532.00
719 1052.58 4408 100.00
720 369.60 3071 0.00
721 223.96 3762 0.00
722 214.74 3072 2604.00
723 520.31 7947 9615.00
724 566.45 8766 10216.00
725 320.00 5829 13109.00
726 768.63 9999 15535.00
727 867.82 5687 4105.00
728 1101.90 6314 6014.00
729 870.39 9999 8426.00
730 772.15 5272 6608.00
731 1566.14 9999 37925.00
732 508.57 3500 1609.00
733 965.90 4652 4611.00
734 2424.01 3836 3007.00
735 2050.16 9442 11916.00
736 3350.12 5416 2208.00
737 624.46 5397 2611.00
738 1619.80 7063 4409.00
739 685.30 6022 2107.00
740 695.34 2136 604.00
741 2090.93 3749 504.00
742 1020.25 7925 3615.00
743 138.66 2890 2304.00
744 396.28 3332 505.00
745 227.12 4964 9618.00
746 370.08 2688 202.00
747 234.80 6572 4115.00
748 143.59 2792 300.00
749 259.23 4498 1103.00
750 328.21 7737 12504.00
751 136.89 3467 2010.00
752 196.59 5902 4818.00
753 733.90 6349 8007.00
754 420.25 5455 5310.00
755 553.26 2850 4300.00
756 932.56 1892 102.00
757 618.15 2451 200.00
758 111.29 1003 0.00
759 905.35 6305 3308.00
760 525.86 4019 7209.00
761 1240.42 4782 12009.00
762 896.43 4159 6703.00
763 409.68 2455 0.00
764 369.29 5056 1502.00
765 978.11 4772 8619.00
766 717.02 6379 1005.00
767 622.34 7467 4216.00
768 1325.42 1542 0.00
769 746.91 7380 11721.00
770 634.03 4218 0.00
771 336.03 1201 100.00
772 700.17 3882 3705.00
773 538.65 1046 0.00
774 551.41 2656 0.00
775 506.77 2034 0.00
776 520.01 1981 0.00
777 240.83 2123 0.00
778 1968.78 790 0.00
779 1107.53 3827 808.00
780 504.69 5939 4709.00
781 1112.05 3055 0.00
782 202.42 2812 0.00
783 134.17 711 0.00
784 855.83 3872 2803.00
785 732.72 3679 2407.00
786 602.23 1808 203.00
787 515.85 2627 0.00
788 729.57 2514 1206.00
789 374.12 4774 1303.00
790 613.53 9999 8022.00
791 373.15 6066 3205.00
792 823.71 888 0.00
793 691.72 2204 2.00
794 474.43 6202 13406.00
795 892.76 8539 6919.00
796 598.93 7615 6610.00
797 1577.01 8598 15813.00
798 1147.44 9999 9621.00
799 720.77 7497 4805.00
800 1029.63 2282 3300.00
801 927.52 4710 2104.00
802 1363.89 3849 3106.00
803 1151.23 9999 13821.00
804 1139.23 9769 13526.00
805 971.83 6102 6306.00
806 2940.13 1267 0.00
807 899.76 1131 0.00
808 297.57 586 0.00
809 1309.46 1287 0.00
810 757.27 2531 1.00
811 664.62 2879 0.00
812 2042.85 1530 1.00
813 891.94 2799 401.00
814 2071.74 2310 201.00
815 2172.07 787 0.00
816 423.54 1112 0.00
817 1709.62 3617 3110.00
818 1175.62 3848 703.00
819 1217.32 1332 802.00
820 1158.53 2453 500.00
821 1191.03 7135 6313.00
822 297.23 1046 0.00
823 876.71 2654 0.00
824 1017.62 2776 2.00
825 732.38 1630 301.00
826 911.46 3529 4610.00
827 1148.91 5409 6609.00
828 823.63 7981 10515.00
829 1042.04 5611 1706.00
830 927.57 9999 18017.00
831 392.89 2502 1603.00
832 1376.12 4319 4710.00
833 617.21 9999 13225.00
834 630.98 2638 401.00
835 1199.58 3892 502.00
836 669.95 7876 2827.00
837 673.19 995 0.00
838 688.26 4991 1204.00
839 172.30 791 0.00
840 894.29 2528 1100.00
841 483.94 4080 200.00
842 453.42 5070 3905.00
843 1992.76 1223 0.00
844 445.66 2644 303.00
845 344.63 3472 1201.00
846 308.30 1927 0.00
847 439.61 2665 0.00
848 470.04 7097 6808.00
849 579.02 9999 17120.00
850 507.53 3074 101.00
851 1188.74 3412 501.00
852 824.58 2562 0.00
853 825.27 3598 0.00
854 1045.08 3370 1801.00
855 402.40 2883 2.00
856 282.24 2686 602.00
857 324.36 2271 703.00
858 469.54 3139 301.00
859 475.97 4446 5007.00
860 751.12 5653 2902.00
861 182.46 4423 2712.00
862 516.42 8164 7417.00
863 349.10 4444 4903.00
864 698.76 7413 4017.00
865 598.94 4682 2003.00
866 820.39 4652 2111.00
867 501.83 4833 1100.00
868 1087.57 2068 406.00
869 333.08 7040 4511.00
870 232.51 4640 1904.00
871 243.73 9999 605.00
872 210.22 3177 1606.00
873 237.37 4553 2903.00
874 280.85 7573 11815.00
875 186.05 5040 3208.00
876 201.20 4198 1909.00
877 176.51 5671 2307.00
878 161.68 5547 2503.00
879 215.94 6469 8421.00
880 334.05 5816 2309.00
881 190.10 6025 8012.00
882 597.39 8781 10216.00
883 748.33 530 0.00
884 304.46 3458 4607.00
885 229.61 2526 203.00
886 552.79 3713 5204.00
887 549.93 2177 802.00
888 609.64 1220 0.00
889 582.72 9999 19215.00
890 472.29 1023 0.00
891 449.49 6986 14114.00
892 392.66 3198 0.00
893 498.52 6511 5111.00
894 1835.35 5586 501.00
895 1192.37 1501 402.00
896 719.76 1621 500.00
897 698.10 5500 2102.00
898 3988.87 1625 0.00
899 1773.79 5758 303.00
900 823.54 2887 1101.00
901 344.22 4697 3314.00
902 2475.64 2767 1305.00
903 1452.49 5319 1008.00
904 208.00 3813 1801.00
905 188.25 3511 1605.00
906 242.82 2172 3.00
907 110.60 3490 5503.00
908 4370.77 1820 0.00
909 240.48 1628 0.00
910 264.86 4092 302.00
911 187.48 3365 506.00
912 313.18 2951 302.00
913 732.07 3122 0.00
914 211.03 5880 1506.00
915 91.24 2564 902.00
916 391.96 2264 200.00
917 103.29 5360 6018.00
918 259.48 4676 5104.00
919 272.65 4230 4015.00
920 91.46 6088 5313.00
921 439.16 6029 1105.00
922 523.69 9999 11417.00
923 1224.82 9999 16819.00
924 421.92 6524 3912.00
925 1851.52 6060 8313.00
926 853.00 3690 9106.00
927 1173.04 9999 7725.00
928 1234.33 6624 5611.00
929 1845.16 7429 5212.00
930 397.29 3195 1204.00
931 500.28 3149 704.00
932 494.10 2998 802.00
933 917.01 9524 9318.00
934 877.81 8979 13912.00
935 1320.74 4597 2704.00
936 905.59 5435 402.00
937 470.51 4009 1204.00
938 673.49 9999 13820.00
939 257.74 4787 4406.00
940 469.50 2083 0.00
941 510.94 2800 304.00
942 231.47 3968 0.00
943 625.20 3379 2208.00
944 284.48 747 0.00
945 312.33 2158 0.00
946 585.51 4876 4713.00
947 1064.85 2514 508.00
948 551.32 9429 3313.00
949 327.42 7075 6615.00
950 487.85 8873 5114.00
951 401.47 9946 8817.00
952 419.23 3090 0.00
953 817.56 4459 7205.00
954 715.55 3680 2010.00
955 723.29 4444 904.00
956 188.53 1912 0.00
957 740.01 7979 8822.00
958 419.33 3172 5.00
959 928.01 7647 10217.00
960 611.00 3233 2906.00
961 1056.70 9999 1305.00
962 704.63 3695 2103.00
963 1166.20 742 0.00
964 595.26 7720 7920.00
965 949.66 4990 3908.00
966 614.48 5338 2507.00
967 648.22 5668 5207.00
968 535.73 7490 5113.00
969 590.90 4393 1704.00
970 670.47 7374 3611.00
971 523.96 7253 7716.00
972 834.20 4901 2905.00
973 487.12 5702 17808.00
974 472.10 7422 6028.00
975 577.83 9672 7413.00
976 503.95 7509 5913.00
977 430.96 2912 1805.00
978 539.27 5125 4714.00
979 744.36 4072 8008.00
980 444.60 5318 803.00
981 811.48 3041 5506.00
982 557.96 8486 11817.00
983 589.57 3549 2007.00
984 615.47 1302 0.00
985 312.69 1267 0.00
986 674.47 3174 0.00
987 595.62 2853 0.00
988 256.63 1612 0.00
989 1035.14 4616 200.00
990 1367.24 713 0.00
991 444.30 1261 203.00
992 407.35 3396 100.00
993 190.28 1163 1300.00
994 388.41 5430 1004.00
995 493.42 4493 1106.00
996 717.41 1901 0.00
997 780.72 5130 101.00
998 980.03 4572 3012.00
999 263.08 4057 809.00
1000 532.00 2498 201.00
1001 667.97 5332 1410.00
1002 821.08 546 0.00
1003 268.22 574 0.00
1004 579.92 5663 504.00
1005 210.62 7010 3707.00
1006 259.25 4810 5914.00
1007 212.89 6070 5812.00
1008 256.51 6740 4816.00
1009 284.67 9999 15615.00
1010 339.04 3290 1704.00
1011 381.32 5326 6312.00
1012 286.12 2812 1000.00
1013 577.27 2239 0.00
1014 531.80 9999 18517.00
1015 856.31 6836 7614.00
1016 504.29 3826 202.00
1017 644.29 6200 4211.00
1018 772.06 1551 0.00
1019 286.30 5113 8304.00
1020 1339.99 2389 1.00
1021 515.93 2364 101.00
1022 577.81 6227 2309.00
1023 732.48 7540 6314.00
1024 903.98 9999 7622.00
1025 621.97 5884 4216.00
1026 783.94 5191 3610.00
1027 790.35 9999 6823.00
1028 1079.30 4434 2506.00
1029 704.11 6909 3514.00
1030 606.22 3762 1904.00
1031 251.10 2407 4105.00
1032 417.44 1109 100.00
1033 785.46 3377 1303.00
1034 380.76 5232 5014.00
1035 657.39 6619 4512.00
1036 415.25 4075 2302.00
1037 581.33 5970 4108.00
1038 817.40 3984 606.00
1039 606.09 5670 4109.00
1040 739.42 7015 6918.00
1041 696.01 9999 9722.00
1042 533.30 9999 6526.00
1043 311.31 5728 4202.00
1044 1363.42 6183 3111.00
1045 858.35 6492 5810.00
1046 589.33 8995 5720.00
1047 396.43 6527 3513.00
1048 454.51 3246 305.00
1049 677.81 4160 602.00
1050 736.41 8645 22510.00
1051 763.95 9599 5619.00
1052 392.90 4909 303.00
1053 167.90 4928 3406.00
1054 362.22 5653 3908.00
1055 320.28 6784 2404.00
1056 296.02 5823 1405.00
1057 3406.34 5477 1512.00
1058 283.96 6044 5217.00
1059 299.02 9858 3209.00
1060 240.22 6598 4407.00
1061 161.73 9999 7212.00
1062 150.56 5290 3613.00
1063 132.46 1838 0.00
1064 220.22 2986 2313.00
1065 105.83 4451 6105.00
1066 126.34 4095 1604.00
1067 156.97 6125 5919.00
1068 158.39 7118 6913.00
1069 98.77 4636 1912.00
1070 79.78 1716 2101.00
1071 153.82 2531 2001.00
1072 353.16 9999 9219.00
1073 157.22 2960 300.00
1074 343.40 7405 2408.00
1075 297.82 3887 300.00
1076 160.33 4620 1203.00
1077 590.88 4464 2604.00
1078 207.64 4692 5507.00
1079 108.52 3344 0.00
1080 519.99 1549 301.00
1081 584.46 4728 2705.00
1082 494.24 4539 3401.00
1083 371.18 3844 302.00
1084 232.01 3203 100.00
1085 790.41 3860 503.00
1086 451.80 5489 3807.00
1087 351.78 4964 2911.00
1088 193.96 4954 2507.00
1089 182.52 6122 5911.00
1090 195.15 9179 9115.00
1091 107.16 7281 8319.00
1092 456.85 9999 12017.00
1093 365.56 6016 3704.00
1094 220.31 9999 8219.00
1095 144.37 9042 14816.00
1096 172.83 1867 2305.00
1097 1249.64 3546 1.00
1098 261.23 2573 1408.00
1099 926.44 6924 8914.00
1100 983.90 8307 7013.00
1101 935.55 9443 6507.00
1102 840.99 3922 1003.00
1103 865.72 4565 204.00
1104 1219.68 6701 806.00
1105 484.33 1264 0.00
1106 579.67 2411 0.00
1107 517.71 4112 3505.00
1108 1014.84 8994 4819.00
1109 1075.02 9999 25212.00
1110 950.26 5678 6717.00
1111 1115.85 5653 4503.00
1112 1430.56 5975 1001.00
1113 992.54 2837 1506.00
1114 927.82 4226 2204.00
1115 1439.43 7957 8507.00
1116 1107.06 2306 0.00
1117 698.69 8979 12117.00
1118 782.26 8677 7228.00
1119 924.29 6825 13218.00
1120 1175.28 3926 2906.00
1121 1548.28 3596 2403.00
1122 1290.99 4299 907.00
1123 2117.56 2331 2203.00
1124 1533.17 3841 2607.00
1125 1006.14 4971 3607.00
1126 358.73 1323 100.00
1127 1134.14 3393 401.00
1128 919.99 5741 2612.00
1129 576.30 3539 401.00
1130 1261.26 6649 7007.00
1131 948.08 7218 3907.00
1132 1059.47 6121 5314.00
1133 507.13 4488 100.00
1134 188.57 2346 1602.00
1135 426.95 3276 3306.00
1136 302.98 3440 1507.00
1137 941.62 3677 604.00
1138 205.97 2012 104.00
1139 346.10 7691 7304.00
1140 177.01 4643 305.00
1141 343.96 3475 3806.00
1142 741.86 4614 2904.00
1143 299.83 5817 10309.00
1144 959.80 4792 3407.00
1145 651.76 5267 6805.00
1146 803.36 7601 10019.00
1147 1120.58 5919 6513.00
1148 730.86 3109 905.00
1149 880.38 2509 1602.00
1150 854.22 3207 1002.00
1151 362.11 4913 2812.00
1152 298.47 4840 6008.00
1153 998.46 6394 5908.00
1154 941.37 5699 2603.00
1155 363.87 5225 2606.00
1156 928.34 9999 6924.00
1157 585.67 9999 7217.00
1158 619.99 9107 6818.00
1159 601.67 3769 0.00
1160 914.47 2961 1611.00
1161 421.09 9999 23013.00
1162 917.64 5677 9715.00
1163 507.48 7184 5412.00
1164 242.64 1642 0.00
1165 339.07 4964 10705.00
1166 766.64 4569 2504.00
1167 1126.17 3468 2213.00
1168 608.87 3049 1907.00
1169 1718.47 4699 1108.00
1170 2914.11 5550 1906.00
1171 839.12 3735 2007.00
1172 1509.61 5441 1807.00
1173 414.15 5741 4104.00
1174 605.64 7839 6417.00
1175 1712.16 7368 7417.00
1176 684.16 5510 4107.00
1177 818.81 6998 10707.00
1178 328.14 2435 101.00
1179 984.71 1990 1.00
1180 464.08 2468 602.00
1181 288.30 3249 1605.00
1182 254.83 1812 0.00
1183 730.35 3746 402.00
1184 271.95 3017 3.00
1185 204.13 5718 1408.00
1186 139.37 2334 0.00
1187 599.25 7981 102.00
1188 310.87 5774 2816.00
1189 404.09 6519 5818.00
1190 519.97 9999 7627.00
1191 809.10 5510 1213.00
1192 728.59 2769 0.00
1193 265.89 2214 2102.00
1194 521.63 2703 0.00
1195 196.89 1402 500.00
1196 187.07 3587 1006.00
1197 920.85 2561 1304.00
1198 248.92 4035 1.00
1199 243.05 2788 606.00
1200 148.09 702 0.00
1201 560.53 2230 100.00
1202 122.93 3389 1104.00
1203 133.46 3628 1703.00
1204 426.90 4982 6409.00
1205 775.41 7061 2303.00
1206 397.79 4568 4413.00
1207 455.62 4936 5010.00
1208 959.37 9999 6103.00
1209 1102.06 5932 8311.00
1210 1473.44 5014 701.00
1211 380.62 5961 7010.00
1212 721.95 3256 1812.00
1213 494.56 6199 4406.00
1214 1252.17 3849 7606.00
1215 508.53 3962 2.00
1216 1079.86 9999 17923.00
1217 1508.70 6971 15912.00
1218 805.65 3349 1301.00
1219 946.64 3707 0.00
1220 1044.90 5144 4709.00
1221 914.72 7394 12218.00
1222 1196.82 6094 7516.00
1223 636.47 4038 907.00
1224 589.07 8208 18311.00
1225 661.05 7409 12515.00
1226 1024.32 8082 7118.00
1227 1646.20 7940 7914.00
1228 714.74 9802 7124.00
1229 1110.77 5802 4519.00
1230 518.71 8704 8030.00
1231 591.47 6140 5906.00
1232 573.11 6605 3907.00
1233 1451.59 967 300.00
1234 1219.19 9854 15324.00
1235 2314.33 4840 3908.00
1236 1508.79 9308 9922.00
1237 486.00 5587 0.00
1238 385.91 4318 1.00
1239 204.89 4413 0.00
1240 501.25 3408 0.00
1241 245.86 3673 300.00
1242 155.97 4988 100.00
1243 414.27 4186 12309.00
1244 515.36 3408 1911.00
1245 553.39 4205 1806.00
1246 295.54 1758 0.00
1247 387.36 1967 0.00
1248 128.29 3692 605.00
1249 1692.73 6037 1102.00
1250 544.49 3589 1305.00
1251 125.69 634 0.00
1252 1483.92 1359 100.00
1253 109.42 4480 918.00
1254 190.92 821 0.00
1255 120.98 1178 0.00
1256 652.99 1151 0.00
1257 58.36 635 0.00
1258 399.45 2001 603.00
1259 64.61 597 0.00
1260 119.89 2690 2902.00
1261 398.35 2398 1201.00
1262 293.47 5811 3209.00
1263 331.74 6921 6327.00
1264 749.45 4938 2904.00
1265 696.12 2194 1001.00
1266 350.39 2699 703.00
1267 375.82 2930 0.00
1268 603.45 5225 2007.00
1269 430.67 4821 4013.00
1270 329.00 6851 9807.00
1271 267.44 6386 7807.00
1272 545.60 3715 703.00
1273 329.87 4450 706.00
1274 156.69 1758 1.00
1275 360.23 5914 904.00
1276 149.16 3887 401.00
1277 453.75 4359 807.00
1278 399.50 5296 710.00
1279 294.16 4507 1209.00
1280 158.21 6967 7407.00
1281 186.87 2363 0.00
1282 55.71 2547 0.00
1283 619.40 2753 402.00
1284 103.42 5835 1105.00
1285 249.33 4945 1207.00
1286 524.97 2393 500.00
1287 162.68 6934 6005.00
1288 479.32 2807 4104.00
1289 145.15 5099 3004.00
1290 392.33 7368 14308.00
1291 348.87 6182 6006.00
1292 320.79 4756 505.00
1293 443.25 9998 14230.00
1294 731.26 6025 6711.00
1295 523.73 7871 6910.00
1296 427.09 5685 1701.00
1297 182.71 1843 0.00
1298 508.67 2074 0.00
1299 430.08 7449 7510.00
1300 157.18 2507 0.00
1301 306.75 1919 0.00
1302 521.14 4056 2803.00
1303 396.41 4983 3406.00
1304 405.19 3585 4101.00
1305 211.35 4744 3816.00
1306 164.33 3055 404.00
1307 347.58 6525 6019.00
1308 367.24 2971 101.00
1309 139.11 2659 0.00
1310 362.69 2551 101.00
1311 548.11 1462 0.00
1312 334.44 5210 4505.00
1313 410.50 5944 0.00
1314 275.86 7624 6119.00
1315 807.55 1549 0.00
1316 1071.65 626 0.00
1317 67.33 557 0.00
1318 1018.57 1210 0.00
1319 321.75 2666 401.00
1320 415.82 3403 606.00
1321 546.75 2490 300.00
1322 639.91 1008 0.00
1323 281.07 2755 402.00
1324 348.27 4265 1.00
1325 92.82 3486 100.00
1326 393.54 5531 3309.00
1327 255.60 3287 909.00
1328 100.31 3035 502.00
1329 235.03 6870 5415.00
1330 411.53 9999 9514.00
1331 317.32 4404 902.00
1332 109.98 982 0.00
1333 196.31 5135 4510.00
1334 248.73 7134 2611.00
1335 72.98 1111 0.00
1336 270.54 2852 0.00
1337 288.48 2275 801.00
1338 182.28 668 0.00
1339 221.96 7741 4915.00
1340 66.43 1580 203.00
1341 333.41 2883 301.00
1342 219.15 3849 1.00
1343 219.33 4577 1504.00
1344 127.04 1249 0.00
1345 108.12 2498 4704.00
1346 420.84 4036 500.00
1347 488.39 1160 0.00
1348 150.18 4314 709.00
1349 508.91 2936 102.00
1350 862.29 1365 300.00
1351 532.14 3071 303.00
1352 372.42 4433 803.00
1353 505.54 3666 1505.00
1354 324.13 3661 1203.00
1355 126.39 2373 801.00
1356 323.66 3653 1205.00
1357 660.34 1403 0.00
1358 487.93 1397 0.00
1359 318.56 2505 2502.00
1360 556.83 2634 2103.00
1361 221.72 2063 1807.00
1362 581.21 3885 503.00
1363 887.69 1207 0.00
1364 479.36 7487 4906.00
1365 679.79 5871 2608.00
1366 449.24 3630 1405.00
1367 678.24 2623 1204.00
1368 377.49 2767 0.00
1369 782.17 6420 7210.00
1370 464.14 7861 6909.00
1371 509.51 2848 5408.00
1372 632.73 9746 10207.00
1373 986.18 4848 202.00
1374 649.15 8072 5121.00
1375 539.80 3206 2110.00
1376 697.53 5042 5708.00
1377 625.17 9608 8524.00
1378 580.06 4549 7303.00
1379 777.27 3618 0.00
1380 607.80 5283 9511.00
1381 674.07 4991 1901.00
1382 404.59 4180 3006.00
1383 946.65 2006 900.00
1384 723.64 7575 7229.00
1385 865.00 9999 17319.00
1386 836.57 3848 1302.00
1387 785.71 3794 201.00
1388 625.37 5211 4113.00
1389 402.11 4202 102.00
1390 519.99 3258 1203.00
1391 1024.63 3221 2212.00
1392 454.28 4475 402.00
1393 941.48 6373 3204.00
1394 763.59 9590 5616.00
1395 603.45 8059 12915.00
1396 782.57 9999 41824.00
1397 1126.61 4184 2207.00
1398 1158.80 8485 8203.00
1399 314.64 3775 5409.00
1400 745.58 8828 28425.00
1401 826.88 8629 13513.00
1402 770.72 4032 3307.00
1403 867.69 7663 12717.00
1404 1038.41 7790 3240.00
1405 1332.39 3990 1402.00
1406 1058.53 6226 9815.00
1407 789.60 9419 8014.00
1408 869.18 7405 5208.00
1409 681.91 2346 1504.00
1410 1167.19 5236 9510.00
1411 1371.66 9999 7718.00
1412 876.59 9474 10320.00
1413 837.07 5548 4508.00
1414 987.58 7259 3821.00
1415 501.95 5090 0.00
1416 245.16 595 0.00
1417 304.28 5366 2907.00
1418 368.08 6664 10714.00
1419 1054.20 5870 6518.00
1420 402.29 3139 2306.00
1421 421.09 9999 9025.00
1422 264.79 6424 3211.00
1423 371.65 6573 3814.00
1424 247.77 1451 0.00
1425 209.92 3565 4605.00
1426 321.73 9999 8526.00
1427 339.59 5302 2509.00
1428 453.68 7336 2309.00
1429 814.23 1750 302.00
1430 436.59 6856 4320.00
1431 263.47 6092 5808.00
1432 549.00 4789 1910.00
1433 502.36 3780 906.00
1434 119.87 3421 0.00
1435 263.56 4555 3303.00
1436 247.73 9999 6813.00
1437 611.49 9999 4815.00
1438 257.13 5023 2509.00
1439 146.50 3314 1501.00
1440 484.65 4002 4405.00
1441 439.40 7022 1607.00
1442 345.88 9999 8524.00
1443 257.12 9206 9307.00
1444 603.65 6027 1805.00
1445 223.94 9204 4319.00
1446 346.17 3209 402.00
1447 128.43 5127 503.00
1448 329.51 9961 7518.00
1449 145.92 7069 7709.00
1450 113.82 3078 402.00
1451 409.89 7531 8515.00
1452 546.68 4841 1806.00
1453 241.15 8634 12718.00
1454 349.16 9999 9610.00
1455 446.39 2339 1200.00
1456 253.12 4694 6209.00
1457 487.28 4144 0.00
1458 723.75 5421 7704.00
1459 497.45 7327 5112.00
1460 464.90 4513 6009.00
1461 173.34 2362 1303.00
1462 199.39 1694 0.00
1463 521.39 1702 200.00
1464 486.80 3549 500.00
1465 173.48 1897 100.00
1466 153.71 5549 3917.00
1467 610.18 2745 3002.00
1468 158.13 1390 1104.00
1469 467.36 8516 12316.00
1470 183.85 3320 202.00
1471 501.29 2191 0.00
1472 142.97 670 0.00
1473 438.74 2745 402.00
1474 592.22 2118 514.00
1475 1120.12 741 1.00
1476 316.03 5382 2406.00
1477 303.84 770 0.00
1478 202.48 811 0.00
1479 593.65 5332 2807.00
1480 194.25 1495 301.00
1481 796.32 4327 2306.00
1482 429.57 2558 0.00
1483 345.33 4188 5007.00
1484 177.56 1856 0.00
1485 444.47 9999 3015.00
1486 454.24 4033 4111.00
1487 425.55 4009 808.00
1488 747.77 4843 508.00
1489 326.90 5091 2809.00
1490 173.89 2231 101.00
1491 508.07 4588 909.00
1492 477.54 1663 0.00
1493 165.87 3515 4804.00
1494 453.06 7385 3306.00
1495 361.19 6745 5821.00
1496 223.39 3943 1104.00
1497 221.20 7844 2904.00
1498 376.67 9999 14215.00
1499 444.17 7913 24523.00
1500 581.47 2493 0.00
1501 857.82 4359 201.00
1502 401.86 2147 303.00
1503 558.08 9999 9016.00
1504 197.81 3696 1002.00
1505 664.19 9999 5120.00
1506 559.48 9399 21116.00
1507 116.94 2783 102.00
1508 144.27 1937 0.00
1509 376.72 4504 2.00
1510 1092.44 3720 2805.00
1511 847.19 5086 204.00
1512 174.67 1663 0.00
1513 726.59 8525 5011.00
1514 524.18 1303 0.00
1515 727.55 9613 4222.00
1516 1016.75 2641 0.00
1517 1154.01 5426 3707.00
1518 143.27 1116 0.00
1519 1099.37 4430 2803.00
1520 1423.39 4772 701.00
1521 385.33 3362 0.00
1522 195.83 1159 0.00
1523 363.43 1049 0.00
1524 2154.75 917 0.00
1525 1736.14 775 0.00
1526 232.21 585 0.00
1527 1302.92 2071 0.00
1528 873.47 3458 2506.00
1529 1154.15 3006 306.00
1530 353.58 1347 1.00
1531 313.78 748 0.00
1532 419.99 3683 0.00
1533 116.34 1262 1.00
1534 155.00 5580 0.00
1535 79.09 3135 502.00
1536 243.60 8297 3113.00
1537 187.01 5180 702.00
1538 115.45 1274 2.00
1539 133.36 1455 0.00
1540 41.62 920 0.00
1541 61.25 703 0.00
1542 36.45 577 0.00
1543 108.63 4540 4505.00
1544 61.79 2670 0.00
1545 64.94 2957 1.00
1546 54.19 2417 0.00
1547 90.22 2563 902.00
1548 68.39 2155 501.00
1549 69.56 3012 401.00
1550 277.02 5577 4213.00
1551 312.48 2837 1902.00
1552 189.08 2690 1602.00
1553 154.89 3969 0.00
1554 208.06 3617 202.00
1555 456.35 3255 1902.00
1556 270.00 921 0.00
1557 868.15 9999 12822.00
1558 1188.36 3498 103.00
1559 640.31 4356 200.00
1560 661.83 7170 7712.00
1561 961.02 3193 607.00
1562 696.76 6514 2710.00
1563 526.70 2378 403.00
1564 877.08 3684 400.00
1565 1198.23 4243 3109.00
1566 638.47 7878 2908.00
1567 532.93 7589 4709.00
1568 560.84 4606 203.00
1569 302.16 3092 1403.00
1570 494.79 5833 7211.00
1571 741.03 9999 9317.00
1572 842.34 6414 6719.00
1573 768.36 3144 0.00
1574 920.20 3598 500.00
1575 471.57 3627 604.00
1576 846.48 2521 1301.00
1577 647.69 4010 1005.00
1578 627.00 5628 3309.00
1579 844.53 6957 5819.00
1580 627.59 8893 6918.00
1581 720.36 9999 18231.00
1582 1115.58 5488 1309.00
1583 631.91 3009 2503.00
1584 1461.12 9999 8316.00
1585 1533.28 6511 10111.00
1586 1244.91 5933 903.00
1587 525.85 5979 6507.00
1588 1268.96 8120 9917.00
1589 551.63 3175 1705.00
1590 1133.50 4111 0.00
1591 1255.45 4234 300.00
1592 1170.81 6999 4709.00
1593 888.27 3249 800.00
1594 961.62 4351 1703.00
1595 815.17 5523 10909.00
1596 604.03 3711 4003.00
1597 615.27 9999 12608.00
1598 680.22 5488 2712.00
1599 718.95 7592 3606.00
1600 298.11 6573 1609.00
1601 291.68 4518 304.00
1602 352.05 4375 1104.00
1603 123.29 3421 506.00
1604 121.33 5053 910.00
1605 128.35 5917 1304.00
1606 99.44 3350 703.00
1607 119.17 4280 602.00
1608 103.07 3156 600.00
1609 90.75 1727 3.00
1610 131.81 6014 1809.00
1611 89.16 4255 1203.00
1612 83.09 3723 100.00
1613 141.74 2638 1100.00
1614 110.65 7319 9913.00
1615 67.06 5614 1102.00
1616 103.74 3490 3806.00
1617 274.91 4555 603.00
1618 181.07 6851 6017.00
1619 301.13 9999 10121.00
1620 731.18 7007 6508.00
1621 490.80 5204 1.00
1622 355.85 6073 15108.00
1623 416.49 4897 1301.00
1624 454.99 5553 2401.00
1625 729.28 9999 7719.00
1626 746.48 5994 905.00
1627 490.32 3312 303.00
1628 468.93 2679 2805.00
1629 962.28 7897 7518.00
1630 908.91 7991 4008.00
1631 191.03 2129 400.00
1632 851.42 2212 400.00
1633 613.49 9999 17926.00
1634 1010.12 5974 27907.00
1635 774.18 5895 11410.00
1636 423.24 6853 4709.00
1637 740.52 5811 7409.00
1638 963.61 1534 0.00
1639 383.24 5156 1309.00
1640 1101.31 1766 0.00
1641 960.72 3569 5704.00
1642 490.34 2122 2102.00
1643 741.45 781 0.00
1644 616.25 4633 6706.00
1645 570.79 7444 3205.00
1646 1962.84 1760 2301.00
1647 893.03 916 0.00
1648 726.05 811 0.00
1649 1120.08 717 0.00
1650 229.56 787 0.00
1651 875.29 818 0.00
1652 658.31 3304 101.00
1653 549.60 1931 502.00
1654 861.10 3225 2506.00
1655 491.11 9999 9513.00
1656 717.34 2109 804.00
1657 235.18 1923 0.00
1658 315.55 4518 1608.00
1659 481.42 6835 3709.00
1660 358.09 7231 15623.00
1661 438.82 5289 1600.00
1662 499.41 2889 200.00
1663 218.04 3317 0.00
1664 129.60 1681 0.00
1665 150.40 3201 402.00
1666 249.57 3454 0.00
1667 448.59 2179 0.00
1668 112.33 3090 202.00
1669 179.21 2086 1.00
1670 113.15 3243 0.00
1671 220.25 8403 4601.00
1672 110.54 9590 2506.00
1673 643.36 3568 3105.00
1674 401.47 7396 3223.00
1675 270.84 7732 7909.00
1676 157.11 9999 8526.00
1677 212.63 6495 200.00
1678 156.41 2622 101.00
1679 313.66 9265 6322.00
1680 489.75 5736 8412.00
1681 523.51 3196 1904.00
1682 199.70 3123 0.00
1683 349.77 9174 10516.00
1684 555.98 3853 0.00
1685 506.97 2249 0.00
1686 333.52 4119 0.00
1687 619.58 3863 601.00
1688 143.56 840 0.00
1689 185.92 2801 2203.00
1690 486.37 2095 5003.00
1691 250.22 2984 707.00
1692 342.74 3188 809.00
1693 326.78 2427 1102.00
1694 777.12 4856 603.00
1695 255.07 652 0.00
1696 281.54 1915 0.00
1697 480.41 2125 601.00
1698 478.35 3593 2707.00
1699 345.45 5690 4908.00
1700 435.38 3057 601.00
1701 544.00 2827 1404.00
1702 479.11 4542 4403.00
1703 362.58 9999 5509.00
1704 352.36 9804 5237.00
1705 146.21 6282 5103.00
1706 210.08 6784 7408.00
1707 287.87 7174 11028.00
1708 229.72 3692 4507.00
1709 300.33 4590 6506.00
1710 490.79 3813 0.00
1711 522.50 3432 0.00
1712 464.57 5060 6214.00
1713 354.55 3180 2907.00
1714 770.04 1587 501.00
1715 498.10 4903 5812.00
1716 452.11 2667 1101.00
1717 173.35 4093 3011.00
1718 192.79 1030 0.00
1719 577.62 3560 3205.00
1720 468.81 4009 9402.00
1721 457.65 6441 5201.00
1722 327.80 4261 1006.00
1723 513.71 6803 1.00
1724 419.74 7112 8811.00
1725 559.49 6889 7313.00
1726 502.15 5440 8705.00
1727 287.59 9999 8015.00
1728 562.40 3591 100.00
1729 174.55 734 0.00
1730 1072.39 2016 101.00
1731 489.57 927 300.00
1732 561.51 6134 1405.00
1733 785.26 2691 2900.00
1734 213.43 5375 3510.00
1735 676.05 3585 2203.00
1736 470.04 6692 5916.00
1737 554.31 9082 9514.00
1738 605.60 2104 801.00
1739 626.51 5746 10210.00
1740 1070.96 9929 14220.00
1741 953.58 6604 5809.00
1742 954.39 9616 7322.00
1743 752.50 6382 12306.00
1744 927.22 8783 19321.00
1745 967.45 5427 10108.00
1746 1527.81 3672 2911.00
1747 1251.60 5940 1805.00
1748 1339.45 5689 201.00
1749 1078.76 4711 600.00
1750 991.57 8002 8618.00
1751 1058.09 6828 7009.00
1752 571.77 5477 1104.00
1753 767.26 5174 1.00
1754 461.48 2885 401.00
1755 1443.31 3719 503.00
1756 500.82 3365 302.00
1757 703.94 8721 8819.00
1758 1774.31 3763 702.00
1759 706.18 6705 203.00
1760 162.98 2762 0.00
1761 519.35 5144 2806.00
1762 512.13 2293 0.00
1763 133.50 1945 0.00
1764 225.82 6713 9716.00
1765 391.30 4921 3406.00
1766 513.35 4203 3.00
1767 349.90 5792 5704.00
1768 483.16 5405 3407.00
1769 666.80 2105 0.00
1770 638.85 4868 301.00
1771 190.89 4631 2909.00
1772 606.46 5492 203.00
1773 454.12 3407 0.00
1774 782.33 3379 8708.00
1775 573.01 4099 1203.00
1776 636.44 4696 5405.00
1777 443.75 2104 1000.00
1778 77.92 1124 0.00
1779 70.12 913 0.00
1780 681.50 3054 1302.00
1781 431.72 9505 12930.00
1782 689.90 3324 904.00
1783 686.29 1247 300.00
1784 648.35 6947 1811.00
1785 338.14 2830 1204.00
1786 469.94 3995 3.00
1787 308.00 3962 8205.00
1788 413.00 7379 4521.00
1789 385.66 8553 8014.00
1790 467.20 7602 4711.00
1791 161.43 5180 5611.00
1792 729.67 8334 7512.00
1793 288.76 1603 1.00
1794 200.38 8463 3302.00
1795 584.46 2179 0.00
1796 188.29 5778 3001.00
1797 507.34 1657 0.00
1798 253.82 4578 3503.00
1799 767.22 771 0.00
1800 198.07 9411 4208.00
1801 314.65 2948 1001.00
1802 286.09 3523 501.00
1803 150.26 2983 4407.00
1804 117.60 1955 0.00
1805 120.07 960 0.00
1806 158.70 545 0.00
1807 38.40 662 0.00
1808 83.86 1364 0.00
1809 138.34 9999 1504.00
1810 103.52 2189 603.00
1811 138.54 6964 3005.00
1812 106.68 6187 2105.00
1813 91.81 5009 1410.00
1814 103.06 7252 3906.00
1815 122.40 9509 8521.00
1816 148.24 9999 9216.00
1817 529.67 9999 13214.00
1818 488.07 6733 9530.00
1819 339.76 9999 12713.00
1820 352.32 8947 7314.00
1821 497.21 5060 1610.00
1822 689.63 5467 7708.00
1823 476.94 5209 5706.00
1824 1258.60 631 0.00
1825 321.00 685 0.00
1826 822.48 8337 26014.00
1827 3284.44 3154 1204.00
1828 421.07 2150 0.00
1829 483.65 616 0.00
1830 1988.88 3908 0.00
1831 1894.43 9999 0.00
1832 1095.02 8259 4018.00
1833 375.00 3157 603.00
1834 1425.98 9256 3212.00
1835 931.53 7205 1606.00
1836 1496.55 9999 9924.00
1837 1254.01 5428 3902.00
1838 1506.60 3559 3404.00
1839 2034.93 5923 3315.00
1840 906.05 6718 9118.00
1841 794.09 8999 11422.00
1842 996.25 4877 3511.00
1843 867.95 3229 800.00
1844 716.45 1814 0.00
1845 835.63 3848 1005.00
1846 1126.55 9999 9725.00
1847 1080.61 4320 1804.00
1848 938.99 6138 15908.00
1849 263.26 705 0.00
1850 1267.80 2034 503.00
1851 1091.72 4391 903.00
1852 848.97 4864 407.00
1853 326.83 6148 0.00
1854 440.56 6365 7414.00
1855 542.63 7176 8432.00
1856 507.86 3817 1103.00
1857 500.53 5940 8610.00
1858 283.17 7979 11411.00
1859 524.81 5563 2806.00
1860 486.33 5368 3902.00
1861 1215.66 9844 31131.00
1862 574.13 3943 2008.00
1863 1395.11 9033 9917.00
1864 1145.25 6690 9811.00
1865 1928.80 6495 9810.00
1866 1073.11 9640 11721.00
1867 2563.56 5158 1906.00
1868 720.18 3069 1.00
1869 216.67 920 0.00
1870 1381.86 5740 2305.00
1871 1098.96 6966 11414.00
1872 2342.69 5658 5209.00
1873 1077.20 5307 2608.00
1874 1321.59 989 100.00
1875 1892.51 3462 101.00
1876 1560.10 6488 5213.00
1877 266.23 6838 5916.00
1878 607.03 3655 100.00
1879 688.27 2409 2303.00
1880 658.41 6203 809.00
1881 513.27 9999 8714.00
1882 397.39 8602 11616.00
1883 718.67 9075 14530.00
1884 708.24 1000 0.00
1885 1025.95 1999 400.00
1886 1144.71 4469 701.00
1887 430.57 9490 15211.00
1888 111.26 2155 2.00
1889 123.90 1956 607.00
1890 92.52 922 0.00
1891 804.60 3069 902.00
1892 592.82 2689 0.00
1893 556.90 3864 6105.00
1894 528.81 7057 3510.00
1895 782.32 5531 2211.00
1896 2501.38 9999 14828.00
1897 323.76 8176 2306.00
1898 142.03 2150 0.00
1899 617.71 2309 0.00
1900 92.06 3671 0.00
1901 3603.76 9999 4812.00
1902 244.75 4301 1603.00
1903 101.15 6409 4206.00
1904 119.64 3946 1003.00
1905 303.30 2625 1901.00
1906 87.71 6159 2003.00
1907 78.78 4650 4014.00
1908 90.05 4160 2212.00
1909 249.67 4368 204.00
1910 1963.20 5499 13008.00
1911 349.55 1459 203.00
1912 5485.50 1630 1.00
1913 4036.89 4876 1.00
1914 153.43 4203 1302.00
1915 344.69 9999 7019.00
1916 224.44 1880 3001.00
1917 175.96 1865 201.00
1918 1350.05 2846 602.00
1919 189.04 2910 202.00
1920 859.90 3662 6910.00
1921 348.69 6238 1106.00
1922 722.98 4656 4807.00
1923 433.99 4936 2216.00
1924 133.85 3315 100.00
1925 448.22 3092 300.00
1926 830.42 2306 0.00
1927 355.36 4669 603.00
1928 260.97 2757 1302.00
1929 621.49 7026 7719.00
1930 509.28 3536 2003.00
1931 136.58 2331 201.00
1932 223.86 8143 10418.00
1933 266.35 9999 21132.00
1934 526.93 1999 101.00
1935 712.60 3571 2902.00
1936 441.37 2591 0.00
1937 312.22 4210 602.00
1938 350.47 3223 300.00
1939 353.52 6465 100.00
1940 320.45 2999 1.00
1941 66.75 830 0.00
1942 267.82 6373 2304.00
1943 361.23 5683 7907.00
1944 748.31 3022 2000.00
1945 747.37 3191 6605.00
1946 242.72 9999 9217.00
1947 304.56 5771 1108.00
1948 489.98 5990 5321.00
1949 158.50 1202 0.00
1950 180.37 5673 200.00
1951 129.59 3329 1705.00
1952 364.55 9199 16719.00
1953 304.69 3684 4508.00
1954 443.33 7679 8424.00
1955 281.50 1684 400.00
1956 590.39 3648 1004.00
1957 190.36 959 0.00
1958 369.05 5415 101.00
1959 331.15 5868 0.00
1960 852.57 2207 903.00
1961 631.21 7149 5913.00
1962 490.18 3416 1801.00
1963 521.71 9999 9816.00
1964 1290.86 3292 403.00
1965 535.76 1521 401.00
1966 752.53 9778 9418.00
1967 1008.40 6732 0.00
1968 888.38 2926 200.00
1969 272.48 2367 0.00
1970 495.90 8131 9520.00
1971 271.19 2059 404.00
1972 195.46 6880 6632.00
1973 712.32 8178 7511.00
1974 180.25 8800 7517.00
1975 406.31 7746 8227.00
1976 442.08 9999 18133.00
1977 463.72 9849 9626.00
1978 436.98 8392 6821.00
1979 649.64 9999 701.00
1980 321.88 4692 1011.00
1981 771.31 3696 2406.00
1982 316.94 5285 3423.00
1983 419.60 2390 3802.00
1984 452.59 3456 0.00
1985 275.36 4885 0.00
1986 338.41 6923 7609.00
1987 360.47 3215 1102.00
1988 465.27 4514 1401.00
1989 94.14 896 202.00
1990 462.55 5176 6004.00
1991 508.89 6176 5515.00
1992 250.80 9999 11427.00
1993 101.65 3781 2106.00
1994 531.77 3811 7305.00
1995 227.55 9999 7115.00
1996 846.71 1510 2.00
1997 537.82 9999 14931.00
1998 722.47 9999 6218.00
1999 349.79 4390 1303.00
2000 478.52 6422 5611.00
2001 468.89 9999 7517.00
2002 934.08 9999 21725.00
2003 723.37 2662 1.00
2004 791.21 6113 1904.00
2005 598.16 5362 1104.00
2006 165.47 8268 6715.00
2007 390.16 8111 5911.00
2008 301.28 9091 3602.00
2009 267.45 6153 6012.00
2010 433.37 2016 2104.00
2011 130.47 4072 2802.00
2012 226.02 4710 1309.00
2013 523.33 6431 5406.00
2014 345.15 9999 21414.00
2015 194.24 6097 11708.00
2016 155.50 7908 4719.00
2017 277.47 7391 5108.00
2018 222.74 2859 300.00
2019 368.71 3402 705.00
2020 330.31 8980 12415.00
2021 452.85 2542 1002.00
2022 531.67 6733 5004.00
2023 512.03 9483 3105.00
2024 613.09 7145 6303.00
2025 520.81 5394 2803.00
2026 846.47 9999 14229.00
2027 496.13 4615 6611.00
2028 625.75 8412 8312.00
2029 389.98 3221 2707.00
2030 704.79 3757 1110.00
2031 175.16 3429 1215.00
2032 1168.12 5400 7805.00
2033 627.61 5459 4710.00
2034 564.46 5963 7806.00
2035 334.16 3273 3002.00
2036 546.13 5296 6307.00
2037 906.30 2784 502.00
2038 572.33 3125 902.00
2039 648.51 5271 4702.00
2040 345.93 6996 2411.00
2041 1437.90 4535 4211.00
2042 909.90 6360 1712.00
2043 1438.21 9999 5110.00
2044 969.24 9999 8513.00
2045 771.34 6562 2304.00
2046 1392.49 1094 201.00
2047 1827.14 1233 0.00
2048 607.11 4281 200.00
2049 866.77 2940 102.00
2050 827.92 2460 0.00
2051 642.27 6964 1810.00
2052 875.14 4494 1603.00
2053 320.81 9999 24013.00
2054 3600.40 5535 5504.00
2055 3181.53 9999 20321.00
2056 759.79 6303 8110.00
2057 956.26 8643 4022.00
2058 756.44 1116 0.00
2059 1836.81 9999 5630.00
2060 577.22 9584 7226.00
2061 341.17 2289 105.00
2062 1122.25 6156 6303.00
2063 1190.32 1815 0.00
2064 4406.95 2496 0.00
2065 556.35 1738 0.00
2066 1046.95 2535 0.00
2067 5513.28 3905 2.00
2068 9039.73 1315 0.00
2069 1304.56 769 0.00
2070 1165.32 727 0.00
2071 828.31 2780 703.00
2072 1216.32 9999 23026.00
2073 1340.98 8098 23307.00
2074 1006.26 8696 1703.00
2075 697.81 4802 4105.00
2076 836.98 2961 800.00
2077 577.09 6508 7609.00
2078 563.21 5408 3617.00
2079 879.92 4334 3305.00
2080 467.31 3310 902.00
2081 1015.66 6761 4613.00
2082 834.65 2294 0.00
2083 161.90 1590 2.00
2084 619.47 5165 4403.00
2085 663.90 1685 403.00
2086 761.65 6185 6510.00
2087 971.63 2030 504.00
2088 1010.98 4497 1.00
2089 436.37 4007 0.00
2090 261.29 1370 0.00
2091 362.66 6452 3512.00
2092 315.18 5140 1204.00
2093 239.57 6641 6307.00
2094 516.88 2109 0.00
2095 268.52 3854 805.00
2096 907.80 912 0.00
2097 210.51 1757 0.00
2098 526.32 5754 201.00
2099 185.66 4755 4911.00
2100 379.49 4108 0.00
2101 282.82 3147 1305.00
2102 269.42 4272 0.00
2103 83.39 1164 0.00
2104 675.04 1041 1.00
2105 131.56 1086 100.00
2106 312.97 9999 10328.00
2107 2917.31 6449 9210.00
2108 210.17 3105 0.00
2109 7085.07 1591 0.00
2110 2094.99 4011 801.00
2111 139.20 1756 0.00
2112 8425.29 811 100.00
2113 413.46 3016 700.00
2114 111.12 1839 100.00
2115 180.09 6616 1.00
2116 93.93 4070 1303.00
2117 313.83 3574 4807.00
2118 935.83 7609 8108.00
2119 384.77 7693 1110.00
2120 1462.83 6667 1805.00
2121 281.12 6627 1609.00
2122 271.23 3492 0.00
2123 910.73 6730 702.00
2124 109.17 7204 4308.00
2125 365.73 4912 2706.00
2126 103.33 6113 5507.00
2127 181.29 7893 3902.00
2128 376.66 3709 2504.00
2129 325.98 4922 2205.00
2130 286.19 3134 1.00
2131 89.72 4693 2103.00
2132 432.61 2624 805.00
2133 72.51 3648 0.00
2134 329.37 2107 102.00
2135 272.26 2684 3201.00
2136 203.29 6311 3509.00
2137 180.04 3309 2103.00
2138 180.75 5233 5312.00
2139 209.12 7062 5409.00
2140 270.91 5338 7319.00
2141 257.10 7090 7808.00
2142 443.55 8541 12408.00
2143 607.07 9999 13531.00
2144 394.41 3919 3008.00
2145 652.48 9999 2112.00
2146 993.14 4544 4204.00
2147 399.17 4053 1905.00
2148 531.06 9999 11020.00
2149 258.42 1902 1.00
2150 225.38 1662 0.00
2151 523.30 4647 1706.00
2152 340.40 4828 6805.00
2153 235.51 6098 102.00
2154 596.40 4621 1502.00
2155 438.49 3043 1501.00
2156 714.04 4709 1602.00
2157 265.24 4475 1106.00
2158 421.47 2060 500.00
2159 125.27 749 0.00
2160 136.29 901 0.00
2161 143.45 6624 8311.00
2162 137.38 4919 418.00
2163 410.83 8168 2603.00
2164 143.59 3924 4013.00
2165 153.91 2271 100.00
2166 137.62 4423 2106.00
2167 119.04 4153 6520.00
2168 120.74 2825 0.00
2169 115.25 9999 10723.00
2170 1329.64 1063 0.00
2171 139.36 3178 5501.00
2172 259.78 4668 8709.00
2173 1095.98 3959 703.00
2174 166.82 970 0.00
2175 94.91 1165 0.00
2176 293.82 2826 1.00
2177 255.06 3326 202.00
2178 301.28 2384 202.00
2179 642.41 4081 2306.00
2180 424.56 5796 5216.00
2181 497.14 3707 1210.00
2182 476.11 4884 1605.00
2183 1234.06 5757 2715.00
2184 857.87 4701 0.00
2185 2033.37 4933 309.00
2186 1158.34 5486 204.00
2187 6863.06 1568 1.00
2188 1954.45 9999 0.00
2189 5042.49 7403 6011.00
2190 1691.94 2407 202.00
2191 1313.07 2799 402.00
2192 316.11 5460 2110.00
2193 152.87 3764 406.00
2194 276.96 5373 2513.00
2195 150.14 7203 1607.00
2196 185.64 5721 4107.00
2197 3758.07 7278 2616.00
2198 913.55 4064 0.00
2199 3017.54 4975 102.00
2200 1304.50 9961 4912.00
2201 1296.04 4398 2006.00
2202 2702.57 3294 100.00
2203 343.17 661 0.00
2204 3944.91 7949 5409.00
2205 5028.17 8180 4511.00
2206 1612.75 2541 407.00
2207 241.92 647 0.00
2208 383.23 1151 0.00
2209 599.85 2191 0.00
2210 2754.14 4698 701.00
2211 587.09 2530 304.00
2212 1321.30 5312 703.00
2213 3321.04 7038 1902.00
2214 1475.10 3602 3213.00
2215 1159.33 1622 0.00
2216 3612.71 3342 0.00
2217 319.82 1013 0.00
2218 196.77 1714 0.00
2219 182.22 5262 3009.00
2220 283.48 5018 5910.00
2221 157.37 4206 3907.00
2222 198.58 3695 1707.00
2223 142.92 9999 12318.00
2224 206.18 8453 4614.00
2225 682.62 2814 102.00
2226 566.06 1311 0.00
2227 284.06 3858 100.00
2228 433.60 5195 2912.00
2229 230.38 3096 1502.00
2230 450.63 3172 504.00
2231 655.06 2292 302.00
2232 591.83 2189 401.00
2233 440.90 6175 6412.00
2234 482.48 5234 1605.00
2235 353.65 2066 500.00
2236 341.21 2781 200.00
2237 239.35 1391 508.00
2238 249.88 1454 0.00
2239 410.43 9493 9712.00
2240 333.50 3873 704.00
2241 178.90 726 0.00
2242 324.04 794 0.00
2243 283.45 1650 1103.00
2244 229.45 1382 0.00
2245 492.88 4094 1609.00
2246 352.57 775 0.00
2247 528.72 4509 3206.00
2248 757.79 4180 1507.00
2249 479.85 4608 1704.00
2250 507.58 9999 9625.00
2251 294.64 6405 201.00
2252 432.80 6442 4305.00
2253 324.21 5550 602.00
2254 164.59 3947 300.00
2255 234.49 5436 402.00
2256 210.64 3034 8106.00
2257 245.88 7292 2506.00
2258 178.06 5854 4705.00
2259 219.06 6450 4011.00
2260 169.29 5860 1805.00
2261 390.01 4679 2405.00
2262 122.18 6360 3907.00
2263 143.62 2633 4605.00
2264 393.91 6406 3404.00
2265 348.98 3146 803.00
2266 372.29 6343 6721.00
2267 644.69 6437 1103.00
2268 325.12 2871 2307.00
2269 633.20 8529 7018.00
2270 735.00 4284 2900.00
2271 745.80 1977 1307.00
2272 201.86 1568 0.00
2273 994.61 3445 200.00
2274 377.90 3514 405.00
2275 615.85 8077 4108.00
2276 1922.31 8014 2418.00
2277 285.89 1650 0.00
2278 501.30 6987 3614.00
2279 2184.67 2111 304.00
2280 1328.38 5733 2910.00
2281 802.59 2719 3103.00
2282 2361.45 633 0.00
2283 276.63 646 0.00
2284 407.33 4640 1.00
2285 815.90 5719 3004.00
2286 162.57 2546 1104.00
2287 5488.82 4000 2102.00
2288 3389.00 3935 3306.00
2289 697.02 3014 0.00
2290 2089.99 7765 4711.00
2291 254.76 2563 2102.00
2292 2281.15 8433 7911.00
2293 13551.55 5147 1704.00
2294 320.15 4398 705.00
2295 617.39 8908 20319.00
2296 1275.97 4957 6413.00
2297 6227.52 1199 0.00
2298 2641.19 4863 3903.00
2299 622.18 1322 902.00
2300 262.98 1341 0.00
2301 2944.55 2680 1.00
2302 604.47 2980 1305.00
2303 3207.35 4817 2105.00
2304 455.59 4472 602.00
2305 7373.89 2614 0.00
2306 2919.20 8906 6809.00
2307 5139.38 5282 6809.00
2308 4247.70 5890 4113.00
2309 393.26 9537 9028.00
2310 302.70 8590 8613.00
2311 419.06 4991 2412.00
2312 425.48 4466 0.00
2313 471.04 3874 602.00
2314 176.69 6431 23220.00
2315 5829.71 6291 1421.00
2316 11633.14 4299 4206.00
2317 626.64 4594 3204.00
2318 262.80 4775 6310.00
2319 306.15 3579 304.00
2320 4914.44 9999 19126.00
2321 885.24 5862 0.00
2322 464.35 3746 502.00
2323 884.18 4635 401.00
2324 596.76 6649 3104.00
2325 624.91 9999 3910.00
2326 6808.70 4631 1503.00
2327 11879.00 4288 2107.00
2328 619.47 4367 9910.00
2329 2698.47 4908 2506.00
2330 582.46 4672 0.00
2331 717.68 9999 4607.00
2332 732.00 3908 811.00
2333 1380.87 5969 2.00
2334 1682.30 5137 2904.00
2335 955.53 9999 8425.00
2336 716.47 5916 5513.00
2337 10829.87 6625 10114.00
2338 1102.04 2013 0.00
2339 1016.43 1787 1802.00
2340 1539.92 3733 2205.00
2341 8848.21 3899 3106.00
2342 2831.97 3207 2603.00
2343 6752.01 8274 7117.00
2344 1126.64 1271 503.00
2345 7298.37 3884 3311.00
2346 1101.76 1265 0.00
2347 1256.94 1823 0.00
2348 1560.59 6311 5609.00
2349 1111.86 1611 601.00
2350 3668.81 4756 3408.00
2351 1742.40 4985 1006.00
2352 1755.28 2331 0.00
2353 2835.43 835 0.00
2354 476.67 1587 0.00
2355 1228.66 2295 0.00
2356 1298.56 4974 5703.00
2357 615.94 2842 603.00
2358 1319.77 6050 704.00
2359 503.21 1953 1301.00
2360 421.91 1323 1.00
2361 800.59 2814 0.00
2362 687.65 2917 6304.00
2363 565.23 6917 5411.00
2364 835.73 9697 5827.00
2365 669.59 9999 7820.00
2366 900.60 5211 2112.00
2367 1252.29 9999 6419.00
2368 384.00 5581 6410.00
2369 620.60 4960 1810.00
2370 2023.63 5030 2328.00
2371 4473.66 5365 1706.00
2372 894.94 4556 705.00
2373 5333.56 5809 5205.00
2374 671.61 4020 1806.00
2375 712.36 9196 12511.00
2376 12349.96 6177 3005.00
2377 4237.62 8104 3805.00
2378 3778.19 7355 5308.00
2379 2384.29 3795 2402.00
2380 2237.34 4255 310.00
2381 1008.21 9999 2108.00
2382 1319.85 3286 303.00
2383 1274.25 3226 202.00
2384 599.75 5358 405.00
2385 506.44 1892 0.00
2386 309.99 2551 100.00
2387 414.37 753 0.00
2388 521.21 1133 0.00
2389 549.84 9639 5312.00
2390 713.08 3443 201.00
2391 850.47 5374 201.00
2392 489.48 6778 3408.00
2393 658.54 1509 500.00
2394 305.51 4434 300.00
2395 136.28 1180 0.00
2396 357.09 3550 400.00
2397 144.57 1549 0.00
2398 166.83 3707 3103.00
2399 225.57 9392 15818.00
2400 346.55 4570 302.00
2401 267.97 3668 3203.00
2402 431.44 6265 1605.00
2403 275.27 6172 1206.00
2404 188.94 4021 401.00
2405 341.67 5208 2.00
2406 217.05 5671 104.00
2407 180.38 9999 1.00
2408 124.83 8294 4815.00
2409 424.36 1916 1701.00
2410 1594.11 2996 802.00
2411 402.30 3340 3202.00
2412 997.38 6614 3809.00
2413 385.78 5322 804.00
2414 196.54 3874 502.00
2415 1272.92 686 0.00
2416 215.31 1098 0.00
2417 384.55 6224 1305.00
2418 475.48 4461 1303.00
2419 647.70 8529 2703.00
2420 518.29 9999 11016.00
2421 319.62 7537 4313.00
2422 354.70 7561 3820.00
2423 538.43 7104 5212.00
2424 313.06 9489 9805.00
2425 469.80 7598 3809.00
2426 754.76 7602 14314.00
2427 393.10 9999 6223.00
2428 783.32 4067 2101.00
2429 386.83 3479 401.00
2430 720.54 6108 4907.00
2431 978.65 4737 1703.00
2432 657.11 2346 300.00
2433 492.12 9144 8008.00
2434 534.26 4192 2302.00
2435 557.44 7907 3109.00
2436 726.01 4125 1610.00
2437 836.14 1692 0.00
2438 818.16 1612 0.00
2439 270.46 650 0.00
2440 355.24 722 0.00
2441 217.27 595 0.00
2442 2034.15 650 0.00
2443 904.56 675 0.00
2444 338.70 565 0.00
2445 763.53 655 0.00
2446 553.19 1267 0.00
2447 600.60 1804 100.00
2448 505.48 9312 7804.00
2449 1001.34 3368 1003.00
2450 798.85 5007 1805.00
2451 846.40 4721 708.00
2452 1380.88 3313 501.00
2453 313.16 1769 300.00
2454 1108.47 5111 1800.00
2455 742.86 5948 5208.00
2456 1894.83 3485 202.00
2457 1358.22 6662 3606.00
2458 2145.40 2439 0.00
2459 1054.92 1946 0.00
2460 475.31 3947 3008.00
2461 691.65 4419 1306.00
2462 406.12 2165 0.00
2463 1563.34 4075 703.00
2464 946.04 5715 6912.00
2465 765.62 3349 2.00
2466 762.53 4182 203.00
2467 1570.69 2937 1602.00
2468 1457.72 3632 401.00
2469 946.62 2798 1.00
2470 435.70 5360 602.00
2471 623.01 2084 1803.00
2472 318.69 3785 907.00
2473 786.78 7977 1206.00
2474 297.48 9999 6734.00
2475 411.96 3794 603.00
2476 131.35 2646 504.00
2477 139.91 3281 4700.00
2478 136.94 2540 1803.00
2479 322.56 851 700.00
2480 645.36 8043 12411.00
2481 165.60 4984 1211.00
2482 579.11 9152 7310.00
2483 839.81 5082 1009.00
2484 469.72 3253 204.00
2485 712.12 5566 3712.00
2486 679.55 4342 5005.00
2487 660.41 8480 3819.00
2488 624.64 5341 901.00
2489 891.48 4626 1703.00
2490 625.50 3810 4806.00
2491 752.44 7362 9914.00
2492 210.25 1391 0.00
2493 891.36 9999 2706.00
2494 447.06 3655 2701.00
2495 342.19 1278 404.00
2496 882.98 2913 0.00
2497 471.98 5139 407.00
2498 466.85 6049 504.00
2499 564.02 5956 101.00
2500 379.17 3958 204.00
2501 324.61 9121 2114.00
2502 372.01 2141 0.00
2503 264.66 3621 2304.00
2504 344.93 3820 2009.00
2505 185.56 6657 7517.00
2506 496.10 7197 3614.00
2507 192.92 5327 4417.00
2508 601.46 7337 3016.00
2509 358.68 3577 5008.00
2510 300.64 3385 1403.00
2511 112.86 2695 0.00
2512 712.03 9999 10324.00
2513 223.22 1429 0.00
2514 219.05 2730 0.00
2515 583.71 5538 2205.00
2516 392.13 2379 0.00
2517 956.23 4166 1906.00
2518 646.36 5201 6313.00
2519 468.60 4688 1905.00
2520 874.91 7284 2011.00
2521 673.62 7280 6709.00
2522 672.58 6577 100.00
2523 232.32 2060 202.00
2524 693.69 6245 3707.00
2525 747.08 5050 804.00
2526 367.25 521 0.00
2527 500.98 5516 1.00
2528 648.50 4229 200.00
2529 401.85 4279 2504.00
2530 401.31 2391 0.00
2531 678.89 3213 1006.00
2532 599.20 9999 6917.00
2533 541.77 6047 3612.00
2534 325.97 3985 3912.00
2535 552.93 1689 2602.00
2536 355.47 4758 705.00
2537 329.53 6569 504.00
2538 537.66 6087 8413.00
2539 352.73 3353 803.00
2540 548.15 5681 1807.00
2541 244.42 6174 1905.00
2542 424.32 3209 100.00
2543 481.46 7274 13413.00
2544 633.70 5088 4003.00
2545 1555.70 661 0.00
2546 631.48 4148 1302.00
2547 894.80 2025 0.00
2548 719.99 2959 0.00
2549 775.27 3210 0.00
2550 415.16 2044 300.00
2551 281.62 3483 703.00
2552 607.48 4459 1708.00
2553 877.90 3124 300.00
2554 540.80 6297 11104.00
2555 818.44 5450 1006.00
2556 392.01 5607 1707.00
2557 641.50 2045 0.00
2558 490.97 2639 0.00
2559 230.04 3233 0.00
2560 864.97 3671 1304.00
2561 338.14 3435 3404.00
2562 343.70 2760 1302.00
2563 546.09 9113 13314.00
2564 526.01 5321 1608.00
2565 533.47 4458 3303.00
2566 298.14 3479 3100.00
2567 428.78 6995 2402.00
2568 205.74 2302 0.00
2569 525.51 3329 0.00
2570 384.46 4957 2704.00
2571 268.69 6935 1005.00
2572 512.66 2641 2403.00
2573 310.54 4223 902.00
2574 147.23 967 2.00
2575 281.63 4249 2807.00
2576 317.52 9821 7806.00
2577 223.14 630 0.00
2578 450.10 3910 0.00
2579 226.11 3056 3813.00
2580 157.34 4624 3709.00
2581 383.66 9999 11918.00
2582 324.27 8322 6014.00
2583 278.26 4633 4721.00
2584 560.87 4171 6504.00
2585 498.20 3813 1603.00
2586 1361.74 9999 10318.00
2587 1964.66 7971 8429.00
2588 3979.78 8164 4723.00
2589 2987.11 3973 201.00
2590 1072.52 1905 702.00
2591 1745.30 6549 4905.00
2592 1803.99 6268 2509.00
2593 2195.68 2841 0.00
2594 1726.64 5030 1408.00
2595 1709.84 5485 1105.00
2596 1393.33 2531 0.00
2597 977.90 5584 4119.00
2598 706.70 3145 1405.00
2599 705.97 7721 5412.00
2600 590.72 5512 4508.00
2601 668.36 3617 4906.00
2602 960.02 5447 7207.00
2603 916.61 3449 402.00
2604 596.11 6431 12414.00
2605 587.39 4893 604.00
2606 446.95 9810 6912.00
2607 917.61 3527 3406.00
2608 329.74 4149 303.00
2609 222.24 2359 302.00
2610 724.23 2364 1706.00
2611 434.73 2964 3605.00
2612 1548.32 3325 904.00
2613 382.07 6058 7105.00
2614 404.29 3617 1501.00
2615 734.39 7014 12417.00
2616 878.43 3323 2704.00
2617 473.08 2340 0.00
2618 856.99 6509 8915.00
2619 1387.55 4727 1502.00
2620 1006.40 4083 2702.00
2621 1285.69 9999 12224.00
2622 1835.05 6947 13019.00
2623 1118.22 4077 202.00
2624 1373.54 9999 9319.00
2625 1402.67 5810 8216.00
2626 1062.71 8631 17312.00
2627 1303.71 4354 1508.00
2628 1330.18 5142 0.00
2629 1940.32 1764 0.00
2630 628.61 2225 604.00
2631 1982.68 1660 202.00
2632 875.87 2952 4707.00
2633 984.83 4464 5704.00
2634 1023.74 3895 7008.00
2635 630.77 1741 200.00
2636 858.41 6055 3305.00
2637 1159.01 7711 9507.00
2638 669.29 4196 2809.00
2639 955.57 3970 2609.00
2640 389.37 3166 0.00
2641 1156.62 2739 202.00
2642 527.41 2416 705.00
2643 1339.85 3978 5603.00
2644 894.43 4672 1403.00
2645 915.20 7366 6707.00
2646 614.35 4559 3908.00
2647 846.05 6254 3307.00
2648 1098.31 4743 5706.00
2649 1078.72 507 0.00
2650 1032.14 9999 0.00
2651 1472.44 4500 5007.00
2652 758.00 9999 2201.00
2653 376.19 9608 502.00
2654 532.53 4490 704.00
2655 560.76 2980 305.00
2656 694.87 7415 1505.00
2657 345.97 3669 203.00
2658 227.75 1793 400.00
2659 706.26 8949 4809.00
2660 401.43 9999 2813.00
2661 471.88 3036 202.00
2662 138.32 5683 6113.00
2663 111.36 2995 1007.00
2664 207.82 9015 9219.00
2665 147.99 7303 7910.00
2666 133.70 4465 301.00
2667 330.84 8346 8917.00
2668 232.57 7334 3107.00
2669 575.71 5155 7009.00
2670 432.92 6150 3206.00
2671 871.14 7442 15121.00
2672 346.14 4804 2304.00
2673 912.07 9999 6428.00
2674 694.90 9999 0.00
2675 446.44 4375 206.00
2676 873.48 6259 0.00
2677 712.05 1888 201.00
2678 259.32 4336 3903.00
2679 242.75 1842 0.00
2680 547.42 5898 2305.00
2681 767.94 3821 1606.00
2682 772.64 6016 5608.00
2683 698.91 9211 8207.00
2684 382.57 2877 1501.00
2685 330.44 8825 5215.00
2686 147.40 2379 504.00
2687 409.51 5136 202.00
2688 209.57 9999 10117.00
2689 270.11 9999 4001.00
2690 497.83 5112 4615.00
2691 288.52 5620 6707.00
2692 161.83 3441 6405.00
2693 569.10 4865 6412.00
2694 263.36 3454 1805.00
2695 916.87 3067 2307.00
2696 833.94 3884 0.00
2697 650.60 2097 0.00
2698 259.39 9999 10923.00
2699 522.26 9999 4026.00
2700 274.00 7255 2210.00
2701 306.91 4699 0.00
2702 242.72 7496 403.00
2703 481.58 6549 13415.00
2704 217.35 6281 3403.00
2705 129.46 9999 19016.00
2706 1062.08 3764 5809.00
2707 317.00 3628 1402.00
2708 474.37 7547 10913.00
2709 172.82 7315 4007.00
2710 404.73 4679 4905.00
2711 460.20 9916 7323.00
2712 275.35 4742 1203.00
2713 149.18 725 0.00
2714 98.78 1708 502.00
2715 197.45 7150 4424.00
2716 483.64 9999 9420.00
2717 226.71 1001 0.00
2718 196.79 2460 405.00
2719 283.93 6293 515.00
2720 307.20 8588 4415.00
2721 160.82 3433 605.00
2722 193.63 5589 9909.00
2723 197.84 6712 5614.00
2724 168.34 5456 3306.00
2725 144.07 5565 1401.00
2726 219.41 5891 8707.00
2727 374.13 9249 6828.00
2728 138.60 9999 18604.00
2729 945.69 6477 13414.00
2730 2294.16 4735 2203.00
2731 263.31 1506 603.00
2732 795.29 8167 9614.00
2733 989.83 7627 18016.00
2734 294.68 2978 2904.00
2735 1037.11 9999 8416.00
2736 822.60 8944 12812.00
2737 625.43 6307 2711.00
2738 658.87 1278 0.00
2739 1631.25 8569 5417.00
2740 1476.62 9254 10517.00
2741 897.92 5602 2607.00
2742 598.72 3674 2206.00
2743 457.47 7145 8902.00
2744 322.99 7395 11012.00
2745 982.30 655 0.00
2746 748.11 851 0.00
2747 115.14 851 0.00
2748 447.75 2020 400.00
2749 430.36 3366 6803.00
2750 279.93 4893 106.00
2751 106.17 1054 600.00
2752 1656.89 2708 0.00
2753 1068.73 5484 706.00
2754 142.82 1890 0.00
2755 92.33 1957 0.00
2756 1281.51 7441 4415.00
2757 131.30 916 0.00
2758 108.03 709 0.00
2759 132.88 862 0.00
2760 616.31 7899 2705.00
2761 104.03 2850 603.00
2762 136.60 4355 3207.00
2763 114.29 5913 2309.00
2764 1542.76 5286 604.00
2765 92.48 913 0.00
2766 74.46 640 0.00
2767 100.23 2123 101.00
2768 84.39 6658 1901.00
2769 542.21 8524 14318.00
2770 86.99 4872 2.00
2771 76.92 9007 10422.00
2772 526.09 8380 13217.00
2773 210.85 6246 6807.00
2774 117.37 2361 0.00
2775 102.29 1812 0.00
2776 97.73 4304 1507.00
2777 302.36 3328 1102.00
2778 292.27 6636 6706.00
2779 312.68 7500 4310.00
2780 268.12 4914 1105.00
2781 866.91 6154 4212.00
2782 427.24 9264 8216.00
2783 229.58 6577 7408.00
2784 262.26 4913 302.00
2785 597.93 5974 5716.00
2786 289.75 7474 1703.00
2787 333.31 4742 2607.00
2788 543.11 5025 902.00
2789 191.98 6657 704.00
2790 573.23 3256 2602.00
2791 196.50 1869 0.00
2792 142.02 1930 101.00
2793 469.55 4364 606.00
2794 217.80 8304 2011.00
2795 105.38 4334 904.00
2796 104.90 3998 4203.00
2797 92.82 9735 19622.00
2798 134.33 9447 12526.00
2799 152.27 6445 4815.00
2800 187.34 4463 4002.00
2801 309.15 4156 1004.00
2802 102.34 2523 101.00
2803 354.14 5347 3005.00
2804 378.55 7434 0.00
2805 116.17 1179 0.00
2806 218.70 4537 2503.00
2807 104.41 3764 2400.00
2808 367.93 6611 4114.00
2809 146.36 4779 2203.00
2810 150.30 2652 0.00
2811 473.04 1699 301.00
2812 542.23 5515 0.00
2813 125.78 708 0.00
2814 422.73 3362 0.00
2815 154.94 1712 0.00
2816 203.66 6326 305.00
2817 568.69 3634 1004.00
2818 134.07 846 0.00
2819 174.65 6511 0.00
2820 57.54 5701 302.00
2821 65.40 2725 100.00
2822 42.61 734 0.00
2823 36.21 1639 302.00
2824 57.10 3276 200.00
2825 71.06 4935 1107.00
2826 84.18 5547 905.00
2827 86.34 8792 4904.00
2828 84.94 6906 4233.00
2829 72.56 5099 3607.00
2830 120.82 9646 4014.00
2831 97.59 5076 6106.00
2832 116.28 5573 3615.00
2833 580.72 2712 2204.00
2834 475.75 6072 4307.00
2835 127.38 786 0.00
2836 126.89 4270 4407.00
2837 179.92 8584 5110.00
2838 182.09 7639 4813.00
2839 178.08 2929 1702.00
2840 233.23 9999 16623.00
2841 282.49 8698 5810.00
2842 141.17 2327 900.00
2843 190.74 2505 600.00
2844 293.23 5164 3611.00
2845 184.50 4603 304.00
2846 273.66 3926 205.00
2847 282.76 2402 503.00
2848 176.69 1849 402.00
2849 343.74 4896 3606.00
2850 428.33 3973 4807.00
2851 395.69 4425 1801.00
2852 560.22 7880 211.00
2853 1039.27 2799 102.00
2854 640.51 4332 1906.00
2855 527.39 6783 1108.00
2856 540.65 4036 3205.00
2857 533.73 6108 3907.00
2858 488.20 9999 19409.00
2859 574.79 3069 1005.00
2860 1495.39 4072 103.00
2861 1212.91 8279 6409.00
2862 1251.11 4311 2602.00
2863 1511.78 6030 2008.00
2864 611.59 1740 0.00
2865 943.93 2085 902.00
2866 475.93 5280 3703.00
2867 1394.31 3872 606.00
2868 2508.41 2202 2502.00
2869 563.99 4611 6807.00
2870 1013.66 815 0.00
2871 757.78 4434 7202.00
2872 1642.12 8776 3731.00
2873 1373.02 723 0.00
2874 245.33 1205 0.00
2875 2762.92 4265 707.00
2876 558.07 5828 801.00
2877 658.15 3673 1104.00
2878 345.25 9999 7619.00
2879 463.59 7165 7814.00
2880 265.48 5617 2904.00
2881 827.45 7501 8414.00
2882 294.52 5228 6710.00
2883 344.31 2479 1002.00
2884 646.97 3772 0.00
2885 390.87 9447 10016.00
2886 296.27 3547 2.00
2887 357.33 9999 14519.00
2888 948.53 4883 12508.00
2889 990.52 9999 18020.00
2890 888.43 8093 2909.00
2891 930.87 9999 7817.00
2892 663.85 4890 2108.00
2893 657.83 7787 6918.00
2894 607.58 5907 502.00
2895 1267.97 2864 1201.00
2896 507.32 6780 2305.00
2897 1022.46 6114 1101.00
2898 510.58 9298 10522.00
2899 908.25 3725 704.00
2900 320.08 6113 9216.00
2901 277.67 3981 601.00
2902 558.63 8849 4616.00
2903 560.74 2894 401.00
2904 206.64 6698 206.00
2905 251.36 4234 2509.00
2906 492.89 8731 5615.00
2907 423.16 5700 2807.00
2908 459.72 9999 11907.00
2909 451.21 3513 2406.00
2910 246.49 2716 300.00
2911 240.69 5861 5904.00
2912 316.90 2963 1208.00
2913 650.11 9861 13509.00
2914 514.90 5614 9808.00
2915 896.79 3886 4104.00
2916 554.18 8728 1811.00
2917 438.58 5899 5809.00
2918 629.13 8290 4515.00
2919 547.50 3637 310.00
2920 2229.68 727 0.00
2921 1344.26 565 0.00
2922 990.61 2438 1.00
2923 675.57 5092 1401.00
2924 576.09 5866 1200.00
2925 507.46 6855 6211.00
2926 639.34 5256 705.00
2927 339.17 3937 601.00
2928 557.89 6073 3606.00
2929 569.14 9999 9329.00
2930 264.17 3945 3205.00
2931 673.94 5986 7210.00
2932 342.67 4825 6506.00
2933 379.56 7878 8815.00
2934 545.62 9718 15217.00
2935 506.62 3869 2512.00
2936 768.77 9023 7114.00
2937 735.19 6969 3108.00
2938 384.44 4533 909.00
2939 342.85 3336 2.00
2940 542.71 5262 1305.00
2941 650.94 7983 8615.00
2942 184.06 2597 300.00
2943 178.29 4671 3705.00
2944 677.60 6424 8103.00
2945 419.84 4850 1511.00
2946 132.83 6494 3609.00
2947 169.10 9148 7107.00
2948 199.44 5885 3404.00
2949 228.48 8827 4907.00
2950 71.42 5075 1200.00
2951 760.73 940 0.00
2952 74.24 655 0.00
2953 253.18 3519 1805.00
2954 68.68 3337 2804.00
2955 71.12 3876 904.00
2956 102.01 4121 604.00
2957 102.68 5889 10312.00
2958 286.40 6394 5210.00
2959 296.03 3141 2901.00
2960 200.86 6040 407.00
2961 236.39 9327 6227.00
2962 98.68 5690 2104.00
2963 98.68 3970 1608.00
2964 321.54 4884 1303.00
2965 84.88 3110 501.00
2966 87.52 3419 3108.00
2967 321.12 5958 1006.00
2968 230.91 4056 0.00
2969 100.13 753 0.00
2970 123.95 845 0.00
2971 498.69 2804 0.00
2972 317.66 5942 3031.00
2973 89.40 3048 1905.00
2974 111.73 2498 506.00
2975 436.30 9999 14532.00
2976 333.40 5275 1.00
2977 405.96 9999 9012.00
2978 206.14 6836 4215.00
2979 232.79 6282 2910.00
2980 154.12 3163 1801.00
2981 159.85 523 0.00
2982 97.19 1357 0.00
2983 226.66 6701 5806.00
2984 140.05 2031 1.00
2985 98.18 5382 203.00
2986 142.30 6624 4110.00
2987 144.01 8856 7811.00
2988 183.19 6534 7912.00
2989 148.18 4823 0.00
2990 484.39 1624 202.00
2991 184.53 9106 4318.00
2992 270.94 3753 1101.00
2993 131.99 2598 0.00
2994 108.49 666 0.00
2995 413.42 5607 4311.00
2996 224.35 5135 2807.00
2997 259.14 4019 1005.00
2998 272.91 8092 7726.00
2999 249.68 6643 10908.00
