0 117.31 8824 18519.00
1 67.69 3696 1311.00
2 75.80 7152 9621.00
3 113.92 9999 57119.00
4 282.70 4677 4612.00
5 372.40 7980 8310.00
6 462.64 3852 2410.00
7 319.04 9999 16523.00
8 251.88 5602 2707.00
9 283.97 7434 5421.00
10 302.54 6755 4513.00
11 250.08 3893 3014.00
12 169.00 9999 6630.00
13 436.41 9999 12632.00
14 288.73 5830 6012.00
15 500.46 3024 910.00
16 107.79 1514 0.00
17 121.42 6770 5415.00
18 90.05 9999 6540.00
19 448.90 6053 11707.00
20 299.60 6561 4315.00
21 636.11 2718 300.00
22 302.63 4760 3306.00
23 320.48 4267 2207.00
24 325.09 1871 403.00
25 225.53 3493 3710.00
26 655.14 2715 6101.00
27 423.24 4551 2407.00
28 839.29 9424 4811.00
29 432.49 7986 4311.00
30 622.31 9785 15714.00
31 665.40 4920 4006.00
32 414.18 3482 2803.00
33 707.25 4539 1407.00
34 730.97 5471 14710.00
35 646.76 4108 4208.00
36 400.78 9999 17838.00
37 156.63 6768 5411.00
38 615.49 7961 12809.00
39 539.81 9178 10018.00
40 460.59 9999 17625.00
41 731.69 4744 2121.00
42 555.10 5859 4412.00
43 275.58 8954 7215.00
44 663.47 5898 5110.00
45 150.32 1883 3607.00
46 227.78 6534 12007.00
47 679.26 5657 5308.00
48 946.50 4404 3206.00
49 954.64 7655 5913.00
50 703.90 9422 16115.00
51 355.63 5228 8010.00
52 486.69 4570 2108.00
53 652.06 7450 6311.00
54 768.61 9281 17725.00
55 563.00 4954 1407.00
56 943.74 7078 3522.00
57 552.14 9872 5523.00
58 1494.30 2135 405.00
59 583.00 9999 14220.00
60 326.41 4697 6010.00
61 360.83 4266 3710.00
62 199.75 5562 2610.00
63 537.48 6445 5311.00
64 1295.60 5728 5907.00
65 700.54 6718 5121.00
66 347.23 6918 3409.00
67 281.36 8015 13524.00
68 323.79 9999 15227.00
69 647.18 4761 5010.00
70 445.78 9999 9930.00
71 760.36 3747 802.00
72 588.16 6955 4715.00
73 300.45 4117 3508.00
74 507.91 7288 11908.00
75 610.68 8106 5209.00
76 769.82 6306 3210.00
77 461.78 8272 6015.00
78 959.91 4160 1006.00
79 744.69 3409 1006.00
80 431.74 7362 5722.00
81 525.47 3929 2507.00
82 694.21 6112 4411.00
83 469.33 9999 14815.00
84 1258.63 2910 1104.00
85 599.12 4386 4317.00
86 465.88 3613 2208.00
87 757.13 8247 4312.00
88 578.77 6747 3212.00
89 892.62 9238 10929.00
90 399.31 2976 305.00
91 745.70 5693 3010.00
92 770.24 5816 2506.00
93 888.46 7196 11413.00
94 745.39 3586 811.00
95 456.98 9999 21916.00
96 610.41 7027 9407.00
97 733.82 5386 4313.00
98 895.45 5647 4514.00
99 866.02 9999 13432.00
100 805.55 8600 6115.00
101 732.98 7840 9721.00
102 1076.00 7140 2617.00
103 979.56 6032 1912.00
104 1096.31 9224 15413.00
105 851.13 9999 8718.00
106 1310.07 6625 3811.00
107 649.50 4652 2414.00
108 703.97 7025 4319.00
109 834.67 4282 10805.00
110 779.57 2081 2903.00
111 611.24 8900 6609.00
112 452.73 1515 1203.00
113 583.77 9999 10027.00
114 391.16 9999 9132.00
115 301.70 4703 903.00
116 300.47 4978 1207.00
117 240.42 3892 1104.00
118 300.68 6492 21612.00
119 186.09 4244 709.00
120 639.69 6305 3111.00
121 1761.14 5756 2506.00
122 415.89 9999 15532.00
123 494.26 4699 904.00
124 1590.50 9710 15726.00
125 2799.39 9999 7915.00
126 435.29 8595 21112.00
127 1492.57 9385 17215.00
128 1444.91 9999 13231.00
129 573.10 3673 304.00
130 489.79 5309 4911.00
131 363.48 7014 4415.00
132 899.79 5053 9609.00
133 1301.03 1600 1.00
134 476.39 5972 2911.00
135 483.12 3958 1406.00
136 761.75 6324 7508.00
137 484.12 6938 8021.00
138 636.01 8826 12415.00
139 892.35 5029 2206.00
140 843.56 6065 7409.00
141 468.43 9999 9430.00
142 774.91 7348 4112.00
143 682.84 4972 5413.00
144 775.34 3692 2404.00
145 632.89 2460 602.00
146 433.31 4516 1707.00
147 408.65 9999 6824.00
148 317.11 4247 2605.00
149 366.70 6364 1809.00
150 163.17 9999 8333.00
151 151.39 9646 7121.00
152 166.86 4059 3102.00
153 241.57 5895 3914.00
154 508.15 3241 3505.00
155 147.45 3882 405.00
156 333.78 6324 6821.00
157 166.37 2736 202.00
158 316.43 3111 302.00
159 531.22 2908 703.00
160 286.93 5092 4908.00
161 363.38 7644 13706.00
162 271.93 6011 3905.00
163 396.52 6284 6617.00
164 379.05 2561 200.00
165 347.62 5882 802.00
166 597.63 9999 12834.00
167 117.92 4158 3604.00
168 444.61 7086 2917.00
169 338.32 8290 13231.00
170 264.45 4245 1505.00
171 249.34 4742 1405.00
172 329.98 2892 1409.00
173 318.22 3539 505.00
174 284.93 7315 5609.00
175 241.57 4868 4907.00
176 461.20 5061 9307.00
177 606.62 2711 302.00
178 221.08 7342 5523.00
179 172.73 6095 7915.00
180 143.92 4643 2608.00
181 135.42 2559 705.00
182 131.29 4828 303.00
183 109.94 8302 6613.00
184 112.58 6670 8209.00
185 85.53 7844 3809.00
186 156.06 9999 7314.00
187 349.78 2506 3.00
188 324.45 5326 5716.00
189 313.90 9999 10316.00
190 393.91 7308 4305.00
191 288.02 3072 803.00
192 187.70 9999 5219.00
193 265.48 9999 17725.00
194 523.53 9999 7423.00
195 128.90 4526 1105.00
196 418.20 9999 9821.00
197 146.49 4148 5808.00
198 124.34 3805 1411.00
199 123.83 3355 2604.00
200 181.99 9999 5124.00
201 142.81 3754 1404.00
202 133.51 8111 3820.00
203 155.06 2185 504.00
204 136.02 3711 3906.00
205 148.60 9999 10230.00
206 215.74 6681 6216.00
207 310.80 5557 4708.00
208 280.43 3477 4405.00
209 258.05 3570 1006.00
210 108.69 3587 808.00
211 90.24 4943 805.00
212 293.44 4814 2009.00
213 66.74 4574 1914.00
214 213.88 9484 14412.00
215 874.82 9999 12531.00
216 206.33 7522 6317.00
217 414.34 5322 6609.00
218 1493.48 3958 2904.00
219 453.43 7267 9315.00
220 120.90 7774 10318.00
221 435.02 8450 11124.00
222 574.75 6653 4113.00
223 301.72 9999 24030.00
224 208.75 2708 1304.00
225 620.78 7496 9414.00
226 383.71 7011 7813.00
227 3283.55 6482 8711.00
228 4145.69 2587 203.00
229 487.29 2447 1902.00
230 3351.42 2707 3701.00
231 478.78 4215 4002.00
232 395.47 2818 0.00
233 824.53 2941 705.00
234 619.82 3627 505.00
235 462.24 4137 8.00
236 272.51 5604 7412.00
237 305.90 5880 2706.00
238 408.47 5662 3508.00
239 1543.54 6412 2409.00
240 499.34 6294 8705.00
241 513.11 6171 5511.00
242 382.63 6293 5910.00
243 512.38 3474 205.00
244 282.10 3541 1506.00
245 55.14 724 0.00
246 332.21 4344 3807.00
247 104.67 6054 6715.00
248 416.09 5440 1007.00
249 378.28 2670 101.00
250 281.48 5964 2211.00
251 569.99 4751 1.00
252 279.06 6564 7209.00
253 366.21 4609 5405.00
254 256.08 4153 2809.00
255 528.23 2569 1104.00
256 733.70 3975 2204.00
257 439.34 5170 9910.00
258 148.53 3375 403.00
259 503.47 2464 1002.00
260 136.77 4766 7004.00
261 576.06 9666 11719.00
262 748.54 6023 1908.00
263 316.62 3317 503.00
264 705.91 6224 2418.00
265 733.07 7558 3414.00
266 904.34 7640 11513.00
267 837.04 7020 8306.00
268 672.44 5774 2908.00
269 716.54 5866 6419.00
270 986.58 5379 6412.00
271 1555.80 2782 405.00
272 893.99 7017 4015.00
273 1136.72 8312 6526.00
274 739.16 7014 11007.00
275 1226.28 3782 5913.00
276 1289.03 9563 16628.00
277 671.48 1042 102.00
278 3030.23 478 0.00
279 1514.72 4484 6705.00
280 1546.95 3401 3207.00
281 1185.28 4384 11207.00
282 950.21 8479 14518.00
283 1047.04 7011 3008.00
284 857.57 5690 1707.00
285 898.78 5153 2304.00
286 906.59 5253 3208.00
287 1252.16 6672 7314.00
288 1724.73 5715 3610.00
289 920.84 5595 6009.00
290 813.35 3762 303.00
291 662.95 8388 11217.00
292 1472.64 5049 1307.00
293 1024.14 2692 1005.00
294 625.43 9514 12218.00
295 832.58 4418 906.00
296 380.44 6961 3512.00
297 290.70 6320 3705.00
298 396.35 4341 3806.00
299 430.37 2651 0.00
300 339.22 6487 9012.00
301 496.59 7085 11821.00
302 810.08 5280 4614.00
303 739.19 3528 1508.00
304 600.07 3831 6705.00
305 696.08 9999 6915.00
306 537.01 3915 1606.00
307 623.15 1919 3402.00
308 590.72 1151 100.00
309 1219.34 3842 3405.00
310 839.23 3669 6108.00
311 293.37 4617 2811.00
312 550.40 8938 18625.00
313 982.88 9692 13020.00
314 704.01 2187 0.00
315 220.15 2763 0.00
316 943.92 5213 3211.00
317 468.77 3004 701.00
318 388.58 4554 3205.00
319 1305.83 4090 4305.00
320 413.40 4177 2507.00
321 823.62 5190 7510.00
322 1009.84 3938 902.00
323 703.49 5671 4313.00
324 623.06 6722 3813.00
325 686.66 3963 5306.00
326 816.58 9238 10214.00
327 1082.45 2596 602.00
328 1404.78 9999 11525.00
329 1620.69 4584 3809.00
330 1667.78 9566 11918.00
331 1070.05 4488 706.00
332 1505.30 1957 202.00
333 1391.31 3032 2502.00
334 2246.60 7716 14509.00
335 2309.46 7269 19618.00
336 2307.45 6098 3816.00
337 1822.17 9110 13217.00
338 1895.45 5714 3213.00
339 2097.87 7239 8518.00
340 1668.37 9999 9631.00
341 862.34 2942 901.00
342 965.10 6091 2312.00
343 2257.15 5365 3017.00
344 1747.70 7713 6219.00
345 3894.55 9999 26221.00
346 5011.22 4588 2300.00
347 3709.29 6732 13516.00
348 4238.89 6310 7308.00
349 2477.34 5827 3005.00
350 1633.13 4476 3409.00
351 1991.47 9999 7324.00
352 1201.25 5153 4019.00
353 1462.00 9999 12220.00
354 4919.26 7619 6311.00
355 2659.17 3614 1806.00
356 2253.89 9999 6620.00
357 1260.18 5599 2705.00
358 488.88 7075 5416.00
359 762.95 9334 16724.00
360 881.72 2098 300.00
361 835.29 5084 5013.00
362 820.06 7519 6821.00
363 758.49 5634 8817.00
364 523.28 3466 906.00
365 388.38 758 0.00
366 949.38 5839 4608.00
367 625.02 8635 1609.00
368 645.45 6340 6017.00
369 615.73 6231 3111.00
370 699.23 4755 606.00
371 592.75 5351 3308.00
372 410.37 7942 7310.00
373 624.49 4333 4103.00
374 409.89 9999 8127.00
375 296.29 2966 105.00
376 274.16 2844 303.00
377 267.27 8449 7817.00
378 393.87 7985 12120.00
379 583.00 5340 5714.00
380 604.00 6332 9109.00
381 412.48 9167 10728.00
382 303.23 4870 6111.00
383 240.63 2235 1.00
384 405.16 9999 12017.00
385 328.12 9196 4814.00
386 720.21 4710 5509.00
387 419.19 5980 7111.00
388 659.02 6864 1311.00
389 980.27 6172 4614.00
390 395.59 8255 9014.00
391 256.28 2176 1201.00
392 460.54 6250 10203.00
393 430.42 9696 14614.00
394 457.88 5436 9709.00
395 157.17 516 0.00
396 823.10 1061 0.00
397 484.66 7952 5713.00
398 306.69 5116 7011.00
399 425.23 4756 1309.00
400 468.02 9737 8131.00
401 470.95 7223 4014.00
402 315.92 6958 6615.00
403 255.84 6455 5215.00
404 305.02 8760 16023.00
405 581.67 9999 8122.00
406 341.76 6768 6012.00
407 143.74 3145 100.00
408 322.08 7854 6717.00
409 207.49 2993 3005.00
410 226.93 5684 105.00
411 131.56 5304 5216.00
412 473.92 5408 3408.00
413 367.59 4676 2603.00
414 390.90 5828 3807.00
415 1417.97 2716 2507.00
416 289.49 3588 4806.00
417 433.07 3808 1905.00
418 947.98 3741 803.00
419 314.84 4089 2707.00
420 105.04 3141 1002.00
421 99.98 5847 3313.00
422 251.05 4340 1808.00
423 155.97 6537 9212.00
424 199.84 5777 4708.00
425 293.55 8297 14019.00
426 537.24 5986 4805.00
427 424.92 5319 4010.00
428 451.63 5192 1009.00
429 340.09 2906 1403.00
430 309.06 8638 9817.00
431 447.96 9450 17627.00
432 271.37 5586 2806.00
433 368.37 6448 2608.00
434 517.60 8916 10323.00
435 264.97 9168 7532.00
436 360.71 9999 17319.00
437 239.43 2304 0.00
438 330.17 3523 4107.00
439 345.95 8032 5516.00
440 602.74 2337 503.00
441 205.44 2949 803.00
442 548.85 4125 2006.00
443 423.20 9482 15013.00
444 282.24 1883 806.00
445 385.30 5559 9507.00
446 1088.53 4913 8305.00
447 2668.80 1561 0.00
448 1149.06 4929 102.00
449 2058.50 2291 0.00
450 1506.88 2630 502.00
451 1498.42 3477 3305.00
452 960.05 2091 0.00
453 1872.11 3684 705.00
454 791.89 5896 5213.00
455 623.59 6199 11218.00
456 1136.38 5368 2813.00
457 971.77 4928 2510.00
458 1239.51 4494 905.00
459 611.14 9999 7130.00
460 768.92 7188 4325.00
461 803.65 7791 10920.00
462 315.61 6925 4112.00
463 221.63 8699 9722.00
464 313.29 6209 3423.00
465 287.13 3555 2006.00
466 260.12 3500 606.00
467 293.93 9999 12313.00
468 636.18 3542 2302.00
469 408.15 9999 8724.00
470 345.66 9999 15026.00
471 608.46 9138 7715.00
472 281.84 7398 8224.00
473 202.67 6744 3503.00
474 447.43 5212 1407.00
475 652.94 2445 1802.00
476 215.38 4649 1303.00
477 525.18 1851 1003.00
478 152.13 3749 503.00
479 349.27 9851 9814.00
480 289.53 4002 1906.00
481 689.36 2053 2.00
482 739.49 2181 1504.00
483 333.84 2564 403.00
484 145.50 7411 6517.00
485 279.44 4899 1602.00
486 419.24 8222 5807.00
487 673.08 3779 2909.00
488 411.28 5675 3308.00
489 408.13 6317 4311.00
490 453.86 5283 6316.00
491 730.21 4734 4607.00
492 213.21 7270 307.00
493 575.91 5917 1506.00
494 1285.71 1507 0.00
495 324.81 942 0.00
496 718.35 7300 5815.00
497 448.04 6755 3309.00
498 540.30 9999 14619.00
499 437.70 9689 7525.00
500 780.06 2824 703.00
501 434.09 6273 2511.00
502 692.02 4641 1705.00
503 553.77 5959 0.00
504 444.13 9999 15435.00
505 655.01 3636 1303.00
506 249.31 2280 1100.00
507 763.03 4387 3810.00
508 905.21 3377 1706.00
509 264.99 1052 0.00
510 213.74 1769 0.00
511 422.16 3266 1606.00
512 465.62 2166 203.00
513 878.77 5562 3008.00
514 909.73 3358 706.00
515 373.37 3356 2609.00
516 179.37 1704 0.00
517 183.34 1180 1.00
518 422.62 3112 201.00
519 165.30 3994 1410.00
520 134.25 3397 405.00
521 235.33 4851 2107.00
522 792.29 3317 0.00
523 137.62 6062 4017.00
524 409.03 4044 6708.00
525 588.50 4526 4316.00
526 601.54 2714 3.00
527 143.09 2515 4202.00
528 380.45 2961 1205.00
529 97.41 3493 200.00
530 195.39 9999 11424.00
531 276.11 9990 6511.00
532 224.17 5849 4412.00
533 95.37 1532 704.00
534 415.57 9999 15516.00
535 415.10 2303 0.00
536 238.05 3063 402.00
537 393.97 2420 301.00
538 125.30 4399 4017.00
539 109.27 2695 101.00
540 438.88 3554 304.00
541 216.02 7761 5515.00
542 103.70 2236 701.00
543 116.32 5095 7709.00
544 360.47 5254 5909.00
545 342.18 9196 12018.00
546 646.95 3199 200.00
547 143.11 7686 12611.00
548 670.77 5900 2410.00
549 388.65 8354 14519.00
550 300.68 6140 5210.00
551 426.47 7073 5810.00
552 638.31 5101 2911.00
553 990.15 1801 1.00
554 619.14 5378 109.00
555 929.29 4284 702.00
556 254.02 590 0.00
557 571.04 838 0.00
558 621.84 3182 2312.00
559 858.99 3621 304.00
560 448.29 1181 0.00
561 466.15 9999 10449.00
562 654.81 6272 4806.00
563 688.22 3835 2805.00
564 429.18 7963 7415.00
565 501.13 5081 3005.00
566 351.58 9999 4805.00
567 136.87 6115 5410.00
568 215.04 5307 5704.00
569 172.95 2385 200.00
570 185.02 3938 1402.00
571 954.88 4036 3104.00
572 661.48 8326 8512.00
573 319.99 4639 705.00
574 459.30 6226 909.00
575 1266.42 1481 600.00
576 843.14 5838 5107.00
577 1124.87 1607 0.00
578 903.19 6828 9317.00
579 951.85 3854 1810.00
580 1109.59 1026 201.00
581 909.13 3233 2506.00
582 1184.36 2093 1004.00
583 1365.83 6047 1905.00
584 1332.33 6030 3604.00
585 2166.28 9999 8443.00
586 1331.26 6144 6515.00
587 1503.66 2236 0.00
588 1516.16 6780 1711.00
589 934.54 3305 1708.00
590 1471.06 2022 903.00
591 793.69 5157 3211.00
592 1343.95 4233 603.00
593 1582.42 9674 12116.00
594 1644.25 9999 11224.00
595 1698.14 9152 3306.00
596 1334.88 9505 10823.00
597 1642.80 5537 502.00
598 1245.05 5554 1305.00
599 1511.63 2371 100.00
600 776.49 4190 4306.00
601 1414.53 4433 1702.00
602 920.65 2380 2.00
603 1606.75 1952 101.00
604 1466.55 2273 4.00
605 1090.25 2141 1.00
606 1258.64 2362 2500.00
607 830.64 3514 403.00
608 851.87 3405 805.00
609 1407.37 2720 1.00
610 1201.42 7570 6410.00
611 479.76 4707 3915.00
612 1069.07 8403 5212.00
613 1045.59 8731 9622.00
614 738.85 8703 10820.00
615 689.38 6332 1111.00
616 659.99 5157 3410.00
617 420.50 3692 1001.00
618 694.72 4332 2504.00
619 355.46 6170 4516.00
620 395.44 4609 702.00
621 413.09 7080 7515.00
622 533.56 3324 1005.00
623 319.72 4275 1405.00
624 400.89 5243 503.00
625 258.71 8215 2919.00
626 298.19 5565 204.00
627 257.95 5114 5019.00
628 337.18 4453 1005.00
629 136.31 6532 6706.00
630 107.26 1730 402.00
631 141.03 9999 14721.00
632 400.57 9999 10717.00
633 157.09 8506 8814.00
634 100.41 4577 3803.00
635 319.69 7833 12107.00
636 144.71 4911 4706.00
637 346.88 9999 7512.00
638 241.08 6176 3711.00
639 427.27 9999 11225.00
640 781.49 3599 1006.00
641 652.26 2229 401.00
642 731.33 3551 1707.00
643 340.40 6545 807.00
644 319.21 3391 3405.00
645 138.23 2187 201.00
646 558.57 2372 2102.00
647 155.89 3047 205.00
648 580.58 3538 305.00
649 411.07 6960 4813.00
650 378.84 4983 2216.00
651 349.97 2853 1601.00
652 193.61 7172 8105.00
653 227.16 5967 5608.00
654 213.48 6659 8410.00
655 398.55 2805 1206.00
656 280.09 4766 2303.00
657 348.27 3281 603.00
658 358.06 7340 10816.00
659 413.68 3903 504.00
660 387.29 8203 4512.00
661 124.60 1482 0.00
662 403.03 2194 202.00
663 156.14 2835 4103.00
664 599.42 4266 2207.00
665 102.52 695 0.00
666 416.42 9999 12528.00
