0 1532.91 1999 3301.00
1 526.83 1999 2006.00
2 539.67 1999 3902.00
3 395.38 1999 2504.00
4 397.40 1999 4004.00
5 1286.46 1999 1004.00
6 714.95 1999 1401.00
7 976.52 1999 3001.00
8 537.90 1999 308.00
9 232.45 1999 1607.00
10 376.33 1999 2506.00
11 393.36 1999 1904.00
12 595.66 1999 1304.00
13 69.07 1999 1311.00
14 516.71 1999 3506.00
15 643.45 1999 1404.00
16 550.34 1999 804.00
17 670.23 1999 1600.00
18 809.47 1999 503.00
19 695.21 1999 202.00
20 366.42 1999 1203.00
21 73.86 1999 101.00
22 221.60 1999 2105.00
23 57.75 1999 1204.00
24 678.37 1999 1001.00
25 55.54 1999 1101.00
26 361.72 1999 1502.00
27 368.84 1999 3108.00
28 213.30 1999 1206.00
29 762.22 1999 710.00
30 351.82 1999 1304.00
31 67.54 1999 1808.00
32 459.83 1999 1204.00
33 199.59 1999 3906.00
34 369.90 1999 2203.00
35 528.11 1999 1606.00
36 605.51 1999 2204.00
37 222.09 1999 1907.00
38 198.09 1999 400.00
39 351.12 1999 1902.00
40 483.90 1999 104.00
41 517.80 1999 1501.00
42 487.86 1999 4707.00
43 1277.66 1999 1710.00
44 761.75 1999 900.00
45 223.82 1999 1100.00
46 329.10 1999 1205.00
47 217.37 1999 1102.00
48 822.32 1999 1810.00
49 61.08 1999 1004.00
50 497.15 1999 1001.00
51 365.49 1999 1104.00
52 317.70 1999 2506.00
53 64.13 1999 2903.00
54 55.24 1999 1902.00
55 199.95 1999 1208.00
56 350.51 1999 2003.00
57 367.38 1999 1501.00
58 827.79 1999 1108.00
59 180.65 1999 1.00
60 186.10 1999 305.00
61 518.17 1999 1505.00
62 369.95 1999 1.00
63 221.21 1999 805.00
64 63.96 1999 1501.00
65 218.54 1999 403.00
66 510.97 1999 1203.00
67 50.49 1999 506.00
68 346.83 1999 4905.00
69 608.06 1999 1.00
70 719.01 1999 405.00
71 332.70 1999 1202.00
72 51.61 1999 2403.00
73 366.05 1999 3001.00
74 219.58 1999 1704.00
75 182.20 1999 2002.00
76 509.89 1999 705.00
77 359.97 1999 1803.00
78 347.15 1999 1804.00
79 62.80 1999 1306.00
80 856.68 1374 101.00
81 205.56 1999 2101.00
82 53.80 1999 701.00
83 61.79 1999 402.00
84 172.65 1999 703.00
85 40.54 1999 3203.00
86 197.44 1999 806.00
87 336.52 1999 801.00
88 361.55 1999 3302.00
89 357.79 1999 301.00
90 216.02 1999 1106.00
91 199.71 1999 807.00
92 357.07 1999 1104.00
93 212.25 1999 4.00
94 187.13 1999 1302.00
95 41.60 1999 603.00
96 37.65 1999 1004.00
97 366.87 1999 1403.00
98 51.44 1999 1605.00
99 351.95 1999 805.00
100 45.42 1999 603.00
101 40.17 1999 1501.00
102 304.39 1999 1902.00
103 45.23 1999 3205.00
104 187.81 1999 2405.00
105 517.38 1999 601.00
106 37.75 1999 400.00
107 42.93 1999 1105.00
108 192.98 1999 1005.00
109 315.07 1999 10704.00
110 360.96 1999 907.00
111 320.75 1999 904.00
112 481.98 1999 3.00
113 47.70 1999 608.00
114 361.02 1999 609.00
115 359.73 1999 500.00
116 207.46 1999 202.00
117 177.54 1999 205.00
118 201.01 1999 904.00
119 342.16 1999 2000.00
120 52.96 1999 503.00
121 203.73 1999 2303.00
122 469.25 1999 1910.00
123 194.96 1999 503.00
124 459.08 1999 503.00
125 206.23 1999 3804.00
126 443.15 1999 2204.00
127 37.58 1999 701.00
128 638.83 1999 104.00
129 50.00 1999 401.00
130 355.71 1999 807.00
131 354.81 1999 301.00
132 44.33 1999 1003.00
133 472.60 1999 800.00
134 42.92 1999 902.00
135 338.81 1999 1004.00
136 52.95 1999 1303.00
137 51.67 1999 502.00
138 182.58 1999 501.00
139 205.61 1999 2809.00
140 350.79 1999 2104.00
141 195.31 1999 707.00
142 317.73 1999 100.00
143 508.27 1999 2506.00
144 49.00 1999 414.00
145 46.62 1999 1102.00
146 214.09 1999 903.00
147 63.28 1999 1202.00
148 361.36 1999 1004.00
149 325.38 1999 1407.00
150 171.15 1999 100.00
151 811.41 1999 2005.00
152 304.59 1999 1602.00
153 319.93 1999 1005.00
154 49.02 1999 509.00
155 353.32 1999 1003.00
156 193.66 1999 1107.00
157 326.67 1999 602.00
158 50.73 1999 1102.00
159 67.83 1999 102.00
160 44.05 1999 502.00
161 49.03 1999 1.00
