0 12.42 51 262.51
1 5.29 67 341.60
2 3.67 45 232.26
3 5.57 45 223.37
4 5.87 55 284.28
5 8.19 45 235.94
6 9.48 25 128.57
7 6.96 52 267.92
8 13.10 46 239.53
9 10.00 46 235.64
10 13.41 42 214.92
11 10.11 50 251.61
12 12.07 46 238.55
13 10.96 44 229.40
14 15.57 55 288.29
15 13.12 42 214.06
16 15.87 43 224.88
17 15.98 38 197.95
18 17.86 46 233.81
19 20.17 43 217.80
20 18.09 47 235.35
21 23.01 44 222.22
22 21.84 39 200.62
23 23.56 39 200.48
24 27.24 43 226.10
25 23.75 41 208.33
26 29.75 47 244.60
27 24.61 52 267.94
28 31.32 46 233.07
29 27.51 43 220.25
30 30.90 41 220.99
31 31.93 41 210.84
32 34.96 49 249.16
33 33.68 47 240.56
34 33.13 40 203.50
35 27.34 47 240.67
36 31.02 44 231.09
37 32.44 46 238.52
38 31.51 40 207.55
39 28.46 57 288.93
40 27.60 46 236.58
41 26.39 44 224.39
42 24.73 49 257.38
43 23.89 40 206.15
44 23.63 45 230.54
45 29.24 29 152.88
46 27.60 62 326.18
47 32.59 42 221.71
48 32.93 52 270.08
49 29.57 42 216.99
50 29.54 39 201.32
51 31.71 53 285.42
52 37.35 42 217.40
53 32.84 41 211.36
54 37.54 47 247.63
55 31.71 62 319.94
56 34.21 45 230.73
57 31.01 50 258.05
58 31.13 44 222.33
59 35.10 40 207.98
60 34.67 44 226.79
61 37.70 41 207.12
62 41.35 41 211.30
63 32.70 51 271.72
64 36.56 41 209.05
65 35.42 44 226.95
66 33.23 48 246.89
67 35.90 38 190.47
68 33.52 45 233.64
69 34.77 55 300.74
70 33.32 48 247.64
71 28.34 42 214.59
72 31.08 42 210.16
73 33.05 40 204.66
74 41.44 43 225.98
75 32.53 42 215.66
76 38.07 40 204.05
77 36.72 38 192.42
78 36.86 40 207.04
79 35.34 43 219.94
80 36.72 38 188.65
81 32.43 46 237.98
82 35.77 43 218.62
83 34.70 39 200.15
84 32.96 39 199.86
85 38.87 41 206.03
86 31.71 42 220.53
87 34.74 45 228.70
88 33.76 38 192.72
89 30.08 41 211.56
90 33.43 43 221.47
91 33.61 58 301.74
92 40.08 50 260.43
93 32.55 49 252.79
94 34.92 47 242.13
95 34.81 44 229.85
96 32.39 42 215.52
97 35.74 44 227.53
98 34.50 41 207.48
99 36.27 66 355.44
100 39.47 45 230.76
101 37.90 45 230.73
102 38.44 44 226.23
103 36.61 47 243.92
104 32.62 39 206.89
105 37.53 54 269.92
106 37.72 41 214.04
107 36.36 30 157.85
108 38.06 43 219.27
109 32.75 45 237.08
110 31.21 48 250.75
111 31.78 45 221.88
112 29.03 43 221.98
113 40.67 45 224.23
114 36.66 39 194.63
115 41.17 45 231.34
116 34.99 40 203.59
117 32.41 41 213.19
118 32.75 41 215.05
119 31.55 46 231.42
120 32.64 38 198.58
121 31.76 39 209.20
122 31.98 43 225.34
123 33.26 37 189.75
124 30.73 49 245.87
125 32.64 43 220.21
126 29.37 46 236.13
127 35.01 61 307.81
128 31.50 43 229.51
129 32.88 50 250.72
130 31.58 52 265.17
131 33.24 40 199.05
132 36.89 48 254.92
133 35.68 48 245.32
134 33.24 43 226.64
135 28.53 44 231.62
136 25.69 49 252.56
137 28.06 41 214.71
138 27.52 46 243.73
139 26.36 43 227.44
140 24.04 44 232.37
141 23.57 44 229.46
142 28.51 46 228.56
143 24.49 43 224.52
144 28.10 63 335.15
145 27.26 47 242.59
146 25.07 41 212.44
147 26.95 44 223.28
148 29.31 40 206.01
149 28.73 39 201.48
150 26.63 47 238.33
151 25.14 42 211.84
152 24.83 44 231.37
153 24.61 46 236.21
154 26.36 44 230.18
155 24.40 23 116.60
156 21.33 21 106.73
157 22.30 43 225.01
158 21.38 40 202.34
159 23.87 41 208.89
160 25.59 53 277.42
161 21.13 39 200.23
162 25.03 50 249.72
163 23.00 47 241.79
164 22.96 41 206.12
165 20.00 44 232.52
166 28.66 46 241.94
167 31.05 67 354.05
168 30.08 48 248.29
169 26.00 44 224.56
170 23.98 44 227.54
171 21.73 39 205.08
172 28.09 55 287.40
173 25.53 45 235.67
174 24.46 40 212.91
175 27.84 47 245.27
176 24.45 45 233.54
177 25.71 38 200.91
178 19.78 38 185.41
179 23.11 50 256.10
180 23.89 39 200.07
181 21.66 37 187.55
182 26.10 48 250.33
183 25.75 48 245.72
184 19.30 52 274.58
185 20.93 39 198.95
186 30.70 24 122.02
187 22.10 42 210.96
188 25.61 41 205.14
189 23.86 44 237.26
190 17.32 43 216.00
191 17.73 41 212.62
192 19.45 46 232.07
193 20.85 40 200.14
194 20.13 43 226.95
195 23.17 46 226.56
196 20.15 41 208.33
197 18.68 41 214.76
198 16.07 40 205.40
199 17.23 45 235.49
200 17.37 44 226.54
201 18.52 49 257.31
202 21.93 42 215.44
203 15.22 39 200.53
204 14.59 41 207.98
205 20.78 48 247.54
206 19.04 49 255.27
207 16.86 46 245.17
208 18.33 50 258.29
209 14.21 50 256.85
210 15.45 44 226.49
211 19.87 51 267.72
212 16.18 45 227.38
213 17.32 42 222.18
214 18.26 48 253.09
215 19.34 44 228.99
216 18.05 47 248.03
217 18.19 56 298.23
218 16.70 53 275.71
219 21.07 40 209.40
220 20.87 42 218.28
221 16.99 47 245.25
222 15.70 51 264.35
223 21.22 37 193.09
224 18.04 36 176.70
225 17.87 46 238.47
226 21.10 46 232.31
227 15.42 44 230.05
228 16.31 41 201.86
229 15.33 44 222.58
230 13.93 44 224.19
231 16.29 39 203.32
232 18.91 43 222.55
233 22.17 43 219.52
234 16.05 42 215.68
235 18.33 44 225.13
236 16.93 43 222.97
237 18.01 42 215.81
238 17.81 43 224.53
239 15.78 47 243.84
240 14.83 49 252.40
241 19.98 39 203.22
242 18.56 48 251.29
243 18.45 47 236.98
244 18.76 47 233.34
245 16.46 44 227.52
246 19.95 46 236.57
247 18.95 45 235.92
248 21.88 43 222.17
249 15.46 44 228.12
250 16.20 47 234.37
251 17.42 38 193.39
252 17.19 46 231.54
253 16.39 40 200.98
254 15.69 49 246.45
255 17.52 45 233.98
256 15.65 43 218.95
257 16.33 41 212.91
258 14.65 38 191.95
259 19.25 45 228.33
260 14.95 41 211.35
261 15.90 42 213.02
262 18.78 42 217.63
263 14.64 44 227.37
264 14.78 47 236.73
265 14.26 44 234.29
266 14.53 47 240.32
267 18.08 42 221.60
268 18.44 36 191.16
269 15.48 35 175.61
270 14.15 43 217.08
271 14.64 49 255.38
272 17.48 44 231.05
273 14.79 51 256.09
274 14.33 44 229.84
275 17.05 39 198.16
276 17.08 43 220.44
277 15.27 40 210.03
278 18.53 45 227.35
279 17.62 56 288.45
280 14.56 45 229.52
281 16.61 42 215.68
282 21.02 41 205.76
283 16.91 47 245.74
284 17.58 50 262.87
285 14.20 50 253.80
286 15.74 41 209.66
287 13.90 46 238.48
288 14.64 44 230.45
289 16.60 43 221.84
290 16.94 45 229.78
291 16.07 41 212.89
292 15.92 42 217.00
293 16.84 41 204.50
294 14.98 42 215.74
295 16.86 43 214.09
296 14.38 44 221.22
297 11.62 43 218.21
298 12.90 44 228.24
299 15.98 41 214.16
300 16.61 48 245.15
301 16.72 41 213.64
302 11.54 45 236.05
303 11.96 43 221.65
304 16.15 51 263.07
305 13.85 38 199.18
306 14.53 43 220.53
307 13.47 48 250.78
308 11.76 43 216.58
309 11.94 40 203.05
310 11.26 44 227.40
311 14.50 46 234.77
312 13.18 45 233.31
313 15.56 43 218.86
314 12.83 43 218.43
315 13.41 43 222.45
316 12.13 45 233.66
317 13.70 45 228.54
318 12.22 46 240.40
319 13.10 25 130.57
320 13.09 46 244.02
321 11.19 43 219.32
322 12.65 39 198.81
323 16.66 43 216.97
324 11.88 42 216.34
325 11.33 42 216.14
326 13.56 46 243.07
327 11.54 47 245.85
328 12.23 41 209.76
329 12.32 47 246.21
330 13.31 42 209.27
331 12.63 31 151.62
332 13.71 43 223.81
333 14.27 52 267.80
334 12.38 38 191.62
335 13.51 50 250.14
336 14.43 47 237.11
337 11.37 39 201.29
338 12.19 46 232.01
339 15.54 42 214.82
340 13.04 40 202.84
341 12.48 46 231.56
342 14.19 50 259.50
343 13.08 47 238.67
344 12.50 42 213.41
345 10.73 48 254.66
346 12.66 48 242.34
347 11.94 48 247.48
348 12.56 38 193.10
349 13.45 51 265.84
350 12.68 45 231.25
351 12.18 44 221.91
352 13.56 49 250.43
353 12.74 44 226.39
354 12.16 42 215.59
355 11.05 45 229.74
356 15.04 30 153.23
357 13.42 49 250.86
358 12.05 42 218.13
359 12.50 45 230.05
360 12.35 42 215.34
361 12.18 48 254.00
362 10.58 38 205.34
363 11.44 46 237.49
364 13.08 42 214.63
365 14.85 43 221.91
366 12.84 48 243.44
367 10.98 47 242.41
368 11.75 45 230.44
369 12.02 45 228.42
370 13.80 36 178.36
371 12.71 43 217.86
372 11.82 55 283.74
373 12.79 42 220.70
374 10.55 44 232.11
375 12.56 39 203.21
376 11.83 45 234.53
377 10.28 41 216.65
378 11.85 41 214.52
379 12.40 47 243.25
380 10.74 41 209.94
381 10.45 44 227.19
382 10.74 45 229.08
383 10.77 39 194.02
384 10.23 39 195.53
385 11.40 45 233.91
386 10.70 45 235.37
387 12.50 46 238.14
388 12.79 46 236.97
389 10.87 38 186.06
390 13.49 68 352.88
391 14.24 47 244.63
392 11.24 47 244.66
393 13.79 50 259.58
394 16.59 50 259.79
395 12.39 44 235.56
396 10.48 41 216.90
397 13.17 45 233.89
398 14.56 40 211.58
399 10.80 55 272.16
400 13.02 42 219.45
401 13.92 42 216.96
402 11.59 43 224.52
403 11.98 48 248.58
404 11.94 27 137.45
405 14.45 43 216.76
406 16.59 46 240.63
407 14.52 47 242.06
408 15.30 43 227.16
409 13.21 46 235.82
410 12.16 45 229.72
411 12.43 51 261.46
412 11.71 44 231.68
413 13.60 47 247.93
414 13.36 40 204.72
415 13.02 46 240.28
416 15.89 49 239.80
417 15.43 48 245.87
418 16.95 43 224.26
419 15.71 39 198.41
420 14.05 45 233.42
421 14.09 41 207.79
422 14.81 46 231.92
423 12.74 48 247.23
424 12.11 48 249.65
425 12.49 43 220.20
426 11.55 47 241.24
427 12.71 46 246.87
428 12.47 41 215.08
429 12.19 48 254.94
430 13.00 50 265.02
431 12.72 40 207.69
432 12.76 37 189.20
433 15.02 42 215.66
434 11.86 43 219.84
435 12.11 46 238.52
436 12.29 43 218.55
437 13.41 38 193.55
438 12.78 39 198.81
439 11.07 41 210.96
440 15.74 40 208.37
441 15.08 49 256.68
442 17.24 39 193.10
443 16.87 41 212.42
444 14.31 45 228.11
445 12.18 45 234.46
446 12.77 46 240.11
447 11.42 43 222.07
448 11.35 47 236.69
449 13.06 40 211.88
450 14.02 39 205.36
451 10.84 44 230.93
452 12.32 40 210.29
453 11.09 47 243.81
454 12.18 46 233.31
455 12.86 48 251.07
456 12.43 40 202.00
457 12.74 40 205.34
458 12.03 38 192.74
459 13.46 51 257.52
460 14.84 44 226.92
461 12.24 47 240.65
462 13.34 45 230.41
463 14.92 42 215.12
464 11.86 47 246.74
465 13.48 43 215.81
466 14.70 43 219.67
467 12.42 46 247.16
468 14.80 44 229.58
469 13.73 43 223.26
470 14.08 44 225.19
471 12.49 45 232.32
472 12.22 44 219.52
473 11.41 43 209.64
474 12.37 44 228.67
475 12.92 45 231.77
476 18.03 45 235.81
477 13.89 50 258.96
478 12.40 40 210.12
479 14.17 46 238.01
480 13.84 42 211.65
481 14.84 46 235.22
482 11.64 49 257.03
483 11.44 43 222.30
484 11.66 42 208.95
485 11.83 48 245.73
486 12.20 46 232.31
487 13.19 50 260.68
488 12.42 49 259.54
489 13.68 45 230.39
490 11.61 41 209.69
491 13.48 43 216.64
492 12.06 52 268.06
493 11.59 42 214.48
494 13.12 49 256.85
495 17.16 52 262.96
496 13.69 59 318.22
497 12.65 42 212.70
498 13.07 42 216.66
499 15.83 47 246.57
500 14.71 43 224.10
501 10.95 42 214.09
502 11.90 45 232.65
503 11.79 42 207.18
504 13.99 42 216.37
505 12.07 48 250.97
506 12.48 50 253.75
507 12.88 45 237.84
508 12.55 45 241.00
509 14.24 47 247.79
510 12.76 36 177.20
511 12.61 52 267.55
512 12.03 47 240.64
513 11.65 40 205.10
514 10.81 52 271.06
515 10.57 41 214.17
516 10.54 44 227.91
517 10.57 51 263.58
518 11.90 39 198.50
519 11.54 46 240.51
520 12.51 54 280.40
521 10.96 45 228.32
522 12.15 42 218.56
523 12.65 41 206.30
524 13.13 50 259.85
525 12.17 51 257.73
526 12.71 51 266.04
527 12.57 45 229.01
528 11.62 46 236.33
529 14.00 46 234.20
530 14.04 49 252.39
531 12.01 44 233.09
532 12.55 42 215.31
533 13.14 41 210.46
534 10.79 42 213.22
535 12.01 68 357.89
536 15.52 42 213.15
537 13.10 42 218.29
538 12.52 49 257.20
539 11.43 40 207.61
540 11.79 50 263.77
541 11.31 44 225.71
542 10.71 49 252.49
543 10.38 38 195.76
544 11.04 47 242.70
545 11.29 45 237.26
546 11.05 43 219.56
547 11.92 49 256.22
548 12.30 49 252.42
549 11.56 46 240.49
550 10.96 45 236.27
551 11.44 48 244.87
552 11.67 45 239.27
553 10.70 44 223.35
554 9.74 41 212.83
555 11.56 46 231.81
556 10.48 48 250.84
557 10.31 44 227.42
558 10.37 46 236.67
559 10.75 44 228.01
560 10.73 39 200.46
561 11.35 46 236.71
562 11.49 51 261.51
563 10.26 45 233.69
564 10.08 42 209.48
565 11.33 46 244.20
566 9.71 43 221.91
567 10.21 42 219.11
568 9.18 50 261.40
569 9.88 46 233.62
570 10.31 46 239.89
571 9.01 40 199.63
572 10.51 46 236.17
573 10.63 53 272.93
574 10.31 46 240.52
575 11.90 45 234.41
576 14.41 50 258.27
577 10.75 49 255.71
578 11.28 44 230.47
579 11.57 50 255.30
580 15.06 46 241.98
581 12.66 48 247.89
582 12.96 43 217.25
583 9.21 45 234.78
584 9.63 45 226.25
585 9.35 43 224.95
586 10.26 44 222.78
587 9.94 42 220.84
588 12.04 54 279.81
589 11.31 45 233.06
590 10.26 46 232.00
591 11.20 53 285.71
592 12.23 38 202.47
593 10.21 45 233.21
594 10.58 47 239.34
595 10.64 47 245.49
596 11.89 49 250.82
597 11.29 48 248.08
598 11.15 46 239.00
599 10.13 46 239.43
600 11.39 49 250.23
601 10.17 47 240.74
602 9.38 44 224.81
603 11.11 46 238.97
604 10.59 51 262.90
605 11.62 48 254.33
606 13.60 46 241.40
607 14.56 45 229.44
608 10.57 49 255.30
609 9.64 40 203.54
610 9.35 42 215.19
611 10.18 52 266.12
612 10.47 42 215.18
613 10.64 45 233.93
614 12.43 43 222.09
615 10.73 48 245.11
616 10.08 43 215.14
617 9.31 43 225.69
618 12.13 46 237.55
619 10.40 46 236.03
620 11.93 46 236.59
621 12.49 48 252.41
622 11.29 44 227.60
623 11.41 46 232.97
624 10.16 45 232.84
625 9.68 45 232.26
626 10.56 42 216.22
627 9.88 43 224.27
628 11.29 46 234.07
629 9.96 44 229.72
630 12.37 41 210.99
631 11.76 48 253.42
632 10.60 42 210.70
633 11.63 45 232.26
634 9.81 44 229.35
635 9.89 43 222.59
636 10.80 37 180.52
637 11.35 52 264.76
638 12.21 41 208.32
639 12.85 45 229.37
640 12.52 42 223.62
641 10.98 46 241.65
642 10.01 42 217.88
643 10.61 43 223.48
644 11.65 45 232.60
645 10.21 49 252.98
646 11.16 49 257.07
647 11.23 42 215.65
648 9.90 51 258.78
649 9.94 46 237.69
650 13.37 45 235.08
651 13.42 49 253.26
652 10.70 45 229.83
653 11.17 45 230.27
654 10.67 47 245.19
655 10.08 48 252.52
656 10.12 45 233.53
657 9.25 44 221.94
658 9.72 44 229.09
659 10.05 42 215.43
660 10.53 48 241.21
661 10.63 45 234.42
662 9.71 51 265.70
663 9.28 46 238.47
664 10.91 44 222.12
665 11.36 45 237.35
666 12.03 49 253.88
667 9.73 44 229.55
668 12.28 46 238.78
669 13.10 44 223.79
670 10.59 44 230.22
671 9.49 43 225.26
672 9.79 43 218.98
673 9.71 49 251.51
674 9.20 40 199.98
675 10.72 45 237.37
676 10.31 47 246.78
677 13.06 47 251.42
678 14.41 49 252.18
679 9.98 47 243.96
680 10.87 41 213.12
681 10.34 43 219.68
682 14.68 49 247.28
683 17.41 42 224.03
684 17.45 42 219.49
685 14.67 46 234.20
686 10.18 48 244.69
687 10.23 41 212.22
688 10.51 49 252.98
689 10.83 46 233.29
690 10.14 47 243.56
691 9.50 38 191.45
692 10.53 45 234.23
693 10.36 51 265.21
694 9.07 42 216.99
695 9.22 47 249.03
696 11.72 50 257.62
697 9.84 43 221.65
698 12.58 44 226.83
699 9.81 45 234.83
700 9.67 47 240.75
701 10.48 44 227.92
702 9.76 42 221.63
703 11.62 46 237.85
704 11.89 43 222.61
705 13.28 43 220.72
706 10.69 47 244.90
707 9.44 45 233.21
708 11.72 48 247.98
709 10.95 45 233.35
710 8.23 48 249.82
711 8.30 44 225.55
712 8.20 46 235.17
713 7.71 43 223.23
714 9.83 48 251.47
715 11.41 56 297.78
716 9.26 37 190.16
717 9.13 44 227.66
718 9.63 43 217.36
719 9.76 48 246.54
720 9.74 41 205.07
721 9.71 44 229.39
722 11.72 46 235.61
723 9.82 38 193.71
724 13.40 49 247.75
725 9.98 49 251.02
726 11.32 44 230.17
727 9.95 43 223.23
728 10.87 49 251.79
729 10.59 46 237.06
730 10.57 47 239.45
731 10.31 48 247.39
732 10.51 44 229.40
733 9.27 50 256.63
734 10.47 47 238.35
735 10.82 46 235.55
736 9.21 43 219.43
737 8.95 45 224.06
738 9.78 47 242.73
739 9.30 50 258.35
740 9.29 44 222.09
741 10.85 46 239.30
742 11.51 43 221.81
743 9.88 48 247.53
744 11.96 43 220.91
745 9.90 48 249.32
746 10.90 46 236.17
747 11.00 46 235.79
748 9.69 43 221.33
749 10.20 42 218.78
750 9.42 44 227.65
751 9.29 42 216.15
752 9.59 42 215.37
753 9.21 39 197.01
754 10.64 42 214.89
755 9.02 43 221.14
756 8.49 52 263.89
757 9.02 40 208.55
758 11.28 41 215.09
759 9.86 46 239.73
760 11.63 46 238.00
761 11.61 44 227.65
762 11.98 45 232.03
763 11.54 48 245.90
764 11.72 42 212.25
765 12.50 49 260.41
766 13.85 44 226.57
767 10.65 48 247.48
768 9.58 44 224.30
769 12.04 48 248.40
770 9.85 47 246.85
771 9.85 46 244.55
772 8.28 46 236.47
773 8.36 45 233.88
774 9.22 44 224.55
775 9.40 41 209.60
776 9.30 49 250.28
777 9.53 46 232.22
778 9.62 44 230.72
779 11.60 46 237.49
780 9.19 45 231.53
781 10.11 47 246.72
782 8.48 46 233.53
783 8.83 44 226.15
784 9.48 44 231.33
785 9.39 44 227.65
786 8.87 41 214.40
787 9.89 44 230.57
788 9.74 45 236.66
789 9.49 47 242.25
790 9.98 46 242.13
791 11.39 45 233.15
792 10.60 48 241.15
793 9.55 44 223.89
794 9.15 49 257.98
795 9.47 38 195.43
796 9.62 48 248.70
797 8.64 44 225.10
798 10.09 49 250.36
799 10.72 47 247.42
800 9.59 48 246.72
801 8.59 45 233.08
802 11.43 42 218.87
803 10.63 43 222.89
804 9.70 42 219.49
805 8.18 43 223.00
806 8.88 47 241.70
807 9.28 45 236.66
808 10.38 49 256.69
809 9.68 43 221.45
810 9.68 44 224.80
811 7.52 46 237.96
812 7.90 43 220.32
813 8.01 46 233.82
814 8.45 48 246.71
815 8.00 43 220.17
816 9.89 46 240.68
817 11.29 43 223.74
818 8.33 49 255.73
819 8.62 45 233.59
820 8.63 45 234.16
821 9.22 47 242.91
822 9.38 41 203.85
823 9.23 44 229.40
824 10.03 43 226.00
825 9.05 43 218.95
826 8.65 42 222.07
827 8.31 49 252.30
828 8.35 51 262.73
829 9.35 49 260.14
830 9.76 44 229.62
831 7.83 49 256.42
832 8.51 46 241.25
833 7.55 44 232.30
834 9.26 44 230.21
835 8.94 42 216.37
836 8.94 51 267.54
837 9.32 41 212.10
838 8.83 46 236.75
839 8.43 42 217.66
840 8.10 45 232.95
841 9.50 45 234.31
842 10.26 43 223.93
843 10.67 44 225.46
844 8.76 45 231.63
845 8.36 44 223.34
846 9.64 47 247.37
847 9.26 47 241.74
848 9.75 48 250.63
849 8.40 50 256.30
850 9.59 39 203.60
851 9.00 41 214.21
852 8.54 46 243.89
853 8.53 47 239.26
854 9.44 44 227.66
855 8.71 46 239.14
856 10.00 38 184.98
857 10.57 47 237.90
858 7.65 49 258.31
859 8.26 47 248.37
860 8.43 49 252.25
861 8.46 45 233.42
862 7.86 43 222.72
863 9.59 50 251.85
864 9.09 47 246.79
865 9.69 47 245.35
866 7.99 47 241.56
867 9.16 44 227.05
868 8.20 47 241.65
869 8.89 42 213.11
870 10.57 44 226.31
871 12.26 41 212.26
872 11.09 47 242.26
873 11.02 44 228.13
874 11.09 45 234.23
875 10.48 44 225.62
876 12.23 46 231.71
877 11.62 44 228.38
878 10.63 45 228.23
879 10.01 46 239.02
880 11.29 43 220.29
881 13.51 46 241.50
882 13.81 47 244.13
883 11.54 47 243.11
884 14.21 46 240.26
885 11.66 48 246.69
886 9.55 45 229.52
887 8.54 42 214.04
888 9.01 43 222.33
889 9.33 47 241.86
890 10.21 47 244.26
891 10.45 39 191.28
892 10.72 45 234.25
893 9.85 48 248.75
894 10.39 46 234.02
895 7.65 45 238.88
896 8.45 44 228.65
897 7.80 47 245.85
898 7.59 47 240.39
899 7.44 47 242.03
900 8.44 45 230.63
901 9.72 45 228.36
902 9.04 50 259.96
903 10.63 44 225.50
904 10.76 44 227.46
905 9.02 49 260.66
906 10.38 45 230.02
907 9.72 43 219.81
908 9.71 45 230.25
909 9.99 48 248.04
910 9.53 46 234.34
911 9.05 41 208.09
912 10.13 46 242.09
913 10.29 43 220.94
914 10.76 45 232.18
915 9.31 46 241.04
916 9.82 46 242.95
917 10.24 52 268.03
918 10.77 43 214.27
919 11.16 44 221.23
920 11.43 39 198.75
921 11.52 43 221.78
922 14.51 45 231.85
923 15.28 43 223.19
924 10.76 49 254.47
925 9.85 48 251.47
926 8.14 45 232.31
927 7.96 46 239.56
928 10.54 46 240.93
929 9.53 45 228.74
930 9.26 45 232.39
931 10.21 42 218.12
932 9.50 45 235.33
933 10.28 45 230.75
934 10.41 44 224.75
935 8.46 45 229.44
936 9.13 41 210.05
937 8.67 42 216.21
938 8.27 45 232.28
939 8.30 51 267.22
940 8.62 44 227.13
941 8.72 45 233.78
942 8.51 42 217.96
943 9.55 40 210.96
944 9.88 51 265.73
945 9.17 41 210.35
946 7.68 46 239.07
947 8.75 48 255.43
948 8.56 45 232.99
949 9.00 46 236.04
950 9.63 45 235.18
951 9.45 48 250.67
952 10.08 46 238.47
953 9.99 43 225.46
954 8.96 42 216.58
955 9.17 41 214.67
956 8.80 41 211.99
957 9.40 46 236.54
958 8.60 45 232.34
959 10.66 48 246.66
960 9.48 43 224.49
961 8.32 46 237.33
962 8.13 44 232.30
963 8.56 47 242.87
964 9.62 40 208.34
965 9.61 42 226.02
966 8.66 47 245.92
967 9.59 42 216.46
968 9.26 45 233.34
969 9.17 44 224.01
970 9.92 49 251.00
971 9.77 46 241.90
972 8.37 46 239.43
973 7.28 46 238.19
974 7.78 42 220.79
975 9.66 42 214.81
976 8.37 45 228.53
977 8.51 42 214.89
978 7.82 43 220.55
979 8.80 42 215.34
980 7.98 46 235.91
981 11.28 45 233.63
982 11.29 42 219.01
983 9.17 47 239.90
984 9.36 45 230.99
985 9.52 41 213.40
986 9.35 45 230.29
987 15.69 45 234.65
988 12.72 45 231.07
989 11.66 43 223.75
990 9.15 42 215.76
991 9.41 44 228.51
992 7.55 51 262.97
993 7.46 45 233.76
994 8.68 50 255.73
995 9.49 49 249.59
996 9.10 48 248.73
997 10.58 45 225.64
998 11.45 44 226.65
999 11.17 45 235.46
1000 12.17 44 226.23
1001 10.96 44 227.06
1002 9.80 46 238.15
1003 11.21 46 240.26
1004 9.46 49 258.27
1005 9.42 47 244.83
1006 8.19 47 238.44
1007 8.90 45 234.63
1008 10.16 44 229.47
1009 8.80 42 219.76
1010 7.60 44 228.15
1011 7.86 44 230.11
1012 8.03 44 223.51
1013 8.43 49 250.34
1014 6.96 45 228.60
1015 8.36 46 231.16
1016 7.82 43 219.71
1017 10.72 41 213.79
1018 10.50 44 226.62
1019 13.05 49 256.25
1020 10.22 54 278.45
1021 11.50 48 247.33
1022 10.17 46 237.08
1023 9.86 49 250.02
1024 8.49 47 240.28
1025 8.31 44 222.64
1026 9.00 46 238.80
1027 9.32 43 226.42
1028 9.35 49 254.98
1029 8.09 47 245.54
1030 7.78 52 267.19
1031 9.29 42 217.40
1032 10.46 45 235.39
1033 9.19 42 213.49
1034 10.17 43 225.07
1035 11.89 44 224.85
1036 9.67 46 235.87
1037 9.19 49 247.60
1038 8.59 48 250.54
1039 8.82 43 217.35
1040 9.23 45 231.59
1041 7.81 47 240.27
1042 7.54 45 232.24
1043 8.73 43 222.23
1044 8.96 42 217.39
1045 8.72 44 227.69
1046 8.08 47 240.41
1047 9.75 45 232.94
1048 9.43 52 264.88
1049 8.26 49 252.12
1050 9.79 49 250.47
1051 9.05 42 213.32
1052 9.18 46 234.26
1053 8.45 44 225.22
1054 9.52 47 239.91
1055 8.41 46 235.20
1056 8.41 49 254.32
1057 7.99 46 233.53
1058 8.39 45 235.64
1059 9.86 45 234.79
1060 8.65 45 232.15
1061 8.00 47 241.04
1062 9.91 42 218.72
1063 9.02 46 233.94
1064 7.78 46 237.80
1065 9.70 43 221.76
1066 7.53 45 233.96
1067 8.48 47 242.21
1068 8.35 41 212.23
1069 7.95 46 239.32
1070 8.16 45 233.84
1071 7.52 46 234.05
1072 7.54 44 226.95
1073 7.75 41 210.06
1074 7.84 46 237.11
1075 6.98 46 237.65
1076 7.24 43 220.07
1077 7.00 44 229.00
1078 7.99 46 238.15
1079 7.44 49 253.24
1080 9.24 50 258.70
1081 7.89 46 231.32
1082 8.20 45 228.71
1083 8.55 43 224.97
1084 8.32 47 237.97
1085 8.18 44 230.21
1086 7.57 45 231.76
1087 6.93 45 232.00
1088 6.81 44 226.31
1089 7.99 46 243.22
1090 8.15 47 243.73
1091 7.97 42 223.17
1092 7.44 44 224.93
1093 7.84 50 256.18
1094 8.82 45 229.96
1095 8.51 47 242.95
1096 8.73 44 227.11
1097 8.39 45 230.80
1098 8.80 43 219.49
1099 8.07 44 226.32
1100 7.98 47 242.62
1101 8.34 43 223.08
1102 7.09 43 219.63
1103 7.25 48 242.27
1104 7.66 46 233.84
1105 7.69 52 262.98
1106 6.27 50 259.74
1107 7.18 45 234.81
1108 8.59 51 261.91
1109 8.25 48 249.24
1110 9.75 45 226.05
1111 8.46 48 247.48
1112 9.00 45 229.41
1113 9.98 45 232.30
1114 8.57 45 230.56
1115 8.70 47 239.40
1116 6.95 50 255.04
1117 9.04 43 219.28
1118 6.30 47 237.04
1119 8.43 45 234.48
1120 6.32 47 243.22
1121 6.96 43 219.73
1122 6.88 45 230.21
1123 8.93 48 248.65
1124 6.50 45 228.13
1125 6.92 42 214.13
1126 6.34 44 220.68
1127 9.56 45 230.98
1128 7.40 46 236.84
1129 6.95 44 230.30
1130 6.89 50 256.74
1131 7.64 47 239.90
1132 6.67 44 228.57
1133 6.40 42 216.59
1134 7.06 47 240.24
1135 7.89 48 248.24
1136 7.48 46 240.12
1137 8.70 45 230.38
1138 9.83 50 253.10
1139 8.56 47 241.80
1140 8.57 42 217.06
1141 9.25 47 243.73
1142 7.55 45 228.53
1143 9.25 42 217.16
1144 8.28 47 241.52
1145 10.85 44 228.70
1146 8.64 43 219.03
1147 8.40 44 224.27
1148 7.04 48 248.22
1149 7.87 43 221.19
1150 6.54 44 228.56
1151 7.19 45 234.92
1152 7.41 46 236.57
1153 8.59 45 231.74
1154 8.14 48 245.70
1155 8.60 45 230.60
1156 7.78 43 219.28
1157 6.86 41 205.93
1158 5.80 41 205.28
1159 6.57 49 250.27
1160 7.58 44 224.81
1161 7.53 43 223.55
1162 7.93 45 232.89
1163 6.70 46 236.24
1164 6.52 47 239.85
1165 6.17 45 230.92
1166 9.34 45 233.27
1167 7.10 47 244.86
1168 6.82 48 247.03
1169 7.30 44 225.47
1170 8.00 44 228.59
1171 7.19 43 222.48
1172 7.49 43 219.46
1173 7.75 46 236.70
1174 8.91 48 247.79
1175 8.72 42 217.97
1176 8.08 44 231.53
1177 7.86 43 223.88
1178 7.18 48 247.95
1179 8.40 44 223.92
1180 8.66 46 238.69
1181 8.84 46 235.61
1182 10.12 46 235.15
1183 9.23 46 235.21
1184 8.46 47 242.81
1185 7.63 47 242.71
1186 7.85 50 260.93
1187 8.07 48 245.22
1188 6.72 48 251.61
1189 7.13 46 236.45
1190 6.99 48 243.81
1191 6.49 44 230.58
1192 8.38 42 218.77
1193 6.30 49 253.12
1194 6.17 50 255.06
1195 6.26 45 233.74
1196 6.54 46 234.32
1197 8.22 43 220.96
1198 9.93 45 231.55
1199 8.47 47 243.64
1200 7.98 48 244.26
1201 9.33 48 246.28
1202 8.13 51 261.23
1203 6.85 46 237.59
1204 7.22 45 230.50
1205 6.76 49 252.07
1206 7.47 48 245.45
1207 8.88 45 229.15
1208 7.63 43 220.89
1209 7.92 43 216.08
1210 6.85 46 241.07
1211 6.16 43 223.21
1212 6.95 43 219.36
1213 9.11 46 236.45
1214 8.19 45 232.96
1215 9.05 48 253.00
1216 8.42 42 218.78
1217 7.35 47 242.19
1218 6.59 45 230.25
1219 7.83 46 234.08
1220 8.11 46 233.13
1221 8.68 43 221.51
1222 8.99 45 232.04
1223 8.20 46 232.94
1224 7.34 47 242.17
1225 7.15 43 221.04
1226 6.73 45 231.39
1227 6.53 46 241.69
1228 6.96 45 227.71
1229 7.66 44 231.07
1230 7.40 45 231.52
1231 7.12 50 256.28
1232 7.13 49 247.76
1233 7.08 45 232.47
1234 7.90 44 228.56
1235 8.07 47 249.89
1236 6.29 46 236.27
1237 6.00 47 241.59
1238 6.45 44 229.66
1239 7.80 44 227.81
1240 6.95 44 223.50
1241 7.91 46 235.01
1242 8.14 46 238.79
1243 7.56 45 233.63
1244 7.28 45 230.71
1245 6.95 44 224.07
1246 6.06 47 239.67
1247 6.69 49 257.03
1248 7.80 47 240.70
1249 7.33 47 242.30
1250 6.86 44 228.56
1251 7.55 47 239.41
1252 9.22 46 232.82
1253 7.08 44 230.07
1254 6.89 44 222.14
1255 6.52 46 236.70
1256 6.77 44 228.39
1257 6.46 44 227.14
1258 6.11 45 228.86
1259 6.46 44 225.76
1260 6.87 43 220.22
1261 6.50 42 218.11
1262 6.30 47 237.65
1263 7.04 47 237.89
1264 7.59 41 211.61
1265 6.79 42 218.65
1266 6.25 43 225.67
1267 6.25 52 264.78
1268 5.90 46 235.52
1269 5.79 48 252.11
1270 6.31 50 254.43
1271 6.65 48 247.22
1272 7.22 44 223.35
1273 8.89 46 238.09
1274 7.71 47 245.13
1275 7.04 45 234.19
1276 8.88 47 241.35
1277 7.51 45 233.05
1278 6.90 44 223.74
1279 5.84 46 238.96
1280 5.34 47 242.44
1281 5.83 45 234.59
1282 8.26 48 245.93
1283 8.29 45 231.70
1284 8.04 45 233.26
1285 9.48 46 233.12
1286 8.36 47 239.51
1287 9.01 44 226.89
1288 8.21 46 236.36
1289 7.96 46 237.98
1290 6.62 46 238.02
1291 6.91 48 248.82
1292 6.45 47 241.37
1293 5.64 47 240.91
1294 6.22 45 229.06
1295 5.69 50 254.21
1296 7.45 46 234.34
1297 7.08 44 226.97
1298 6.08 46 235.08
1299 5.82 46 236.41
1300 7.33 44 228.72
1301 5.72 44 226.23
1302 5.88 45 233.36
1303 6.12 46 235.98
1304 5.50 46 239.60
1305 6.37 47 242.50
1306 6.84 46 236.22
1307 7.80 49 249.72
1308 6.39 48 247.70
1309 9.48 46 233.14
1310 7.95 45 232.18
1311 6.80 45 230.07
1312 7.56 47 244.45
1313 5.65 43 217.09
1314 6.19 46 238.80
1315 6.23 44 226.78
1316 5.92 46 235.86
1317 5.58 46 234.85
1318 6.73 47 240.29
1319 5.98 48 242.07
1320 5.89 47 242.70
1321 5.44 48 244.57
1322 6.27 45 232.72
1323 6.43 47 242.64
1324 7.35 45 231.66
1325 6.87 44 224.78
1326 7.48 46 230.87
1327 8.60 47 240.37
1328 7.17 52 262.30
1329 6.34 49 249.75
1330 6.11 44 225.79
1331 6.73 43 221.46
1332 5.26 45 235.42
1333 5.86 49 250.88
1334 6.80 48 247.03
1335 6.40 45 231.93
1336 6.28 46 239.80
1337 6.49 48 246.94
1338 5.83 47 238.00
1339 6.97 44 223.37
1340 6.19 45 231.09
1341 7.53 46 236.78
1342 6.63 45 230.26
1343 6.37 46 236.84
1344 6.54 41 211.23
1345 6.30 46 237.21
1346 6.96 48 247.99
1347 7.26 44 227.27
1348 6.33 47 243.38
1349 6.75 46 235.82
1350 6.51 46 233.61
1351 7.67 48 248.43
1352 7.23 44 224.93
1353 9.42 49 252.50
1354 7.78 47 241.61
1355 7.45 42 218.21
1356 8.64 48 250.37
1357 7.33 46 239.66
1358 7.17 50 255.56
1359 6.87 46 236.62
1360 6.89 46 236.60
1361 6.74 49 247.10
1362 7.48 45 233.26
1363 7.63 49 249.21
1364 6.69 45 232.82
1365 7.49 49 250.80
1366 6.96 49 251.58
1367 6.85 44 222.86
1368 6.30 47 239.82
1369 6.26 50 249.53
1370 6.13 45 234.83
1371 6.20 45 231.13
1372 6.06 50 252.06
1373 6.04 46 236.83
1374 6.64 45 229.25
1375 6.61 45 232.85
1376 6.24 43 218.89
1377 7.26 45 231.26
1378 6.42 44 227.37
1379 6.55 47 241.02
1380 9.67 44 226.49
1381 7.92 44 227.54
1382 7.05 42 214.27
1383 6.67 46 230.41
1384 7.13 43 217.80
1385 7.99 45 232.36
1386 7.89 46 232.16
1387 6.77 47 243.36
1388 6.88 47 240.81
1389 7.06 48 240.78
1390 5.88 48 245.27
1391 6.19 48 244.89
1392 6.91 47 238.55
1393 6.34 44 227.09
1394 7.77 48 243.73
1395 7.98 47 239.27
1396 9.86 47 240.52
1397 8.69 48 243.39
1398 6.86 46 235.18
1399 6.27 44 225.93
1400 5.82 43 222.24
1401 5.80 45 230.11
1402 7.02 48 243.78
1403 7.12 44 225.10
1404 7.20 44 226.96
1405 5.73 44 224.95
1406 6.68 44 228.87
1407 8.66 43 222.72
1408 7.62 44 224.72
1409 7.64 46 236.83
1410 6.31 46 234.94
1411 7.00 45 229.35
1412 6.36 45 232.90
1413 7.42 47 244.05
1414 6.54 46 238.93
1415 7.17 46 235.80
1416 6.75 44 225.50
1417 6.87 46 236.86
1418 6.86 45 228.11
1419 7.74 47 242.28
1420 5.93 46 234.51
1421 6.11 46 239.24
1422 5.58 47 241.07
1423 5.97 47 236.05
1424 6.70 47 235.49
1425 7.25 43 221.17
1426 6.33 47 241.72
1427 7.59 44 227.05
1428 7.42 46 232.22
1429 7.95 45 231.32
1430 6.80 49 249.56
1431 7.36 49 248.29
1432 6.36 43 220.70
1433 6.72 47 240.95
1434 6.40 45 233.25
1435 7.13 46 233.89
1436 8.17 45 235.07
1437 5.38 44 227.56
1438 6.28 48 246.52
1439 5.79 47 241.26
1440 6.30 45 226.68
1441 7.20 46 236.05
1442 6.53 44 226.53
1443 8.97 46 234.94
1444 7.41 45 231.38
1445 7.06 47 243.81
1446 8.02 47 237.05
1447 6.05 49 250.52
1448 5.91 47 239.19
1449 5.47 46 238.78
1450 6.46 48 247.05
1451 6.35 47 239.44
1452 6.20 46 236.57
1453 6.36 44 223.52
1454 6.88 44 224.53
1455 5.85 43 219.81
1456 4.93 48 247.60
1457 5.42 45 228.76
1458 5.73 46 234.34
1459 6.25 45 230.17
1460 5.78 49 248.89
1461 6.12 45 228.71
1462 6.17 44 226.68
1463 6.09 46 240.35
1464 5.82 44 227.88
1465 7.21 46 236.18
1466 5.68 46 234.28
1467 6.91 45 229.14
1468 6.84 46 234.57
1469 7.12 45 232.93
1470 7.02 45 229.98
1471 5.99 47 239.91
1472 6.08 46 235.62
1473 5.66 50 256.22
1474 5.27 49 250.87
1475 6.23 46 235.26
1476 6.87 46 234.52
1477 7.06 47 242.02
1478 7.12 47 240.26
1479 6.71 44 222.79
1480 5.84 46 235.95
1481 5.67 45 229.45
1482 6.36 48 245.07
1483 5.99 44 228.73
1484 6.73 46 234.39
1485 7.25 50 253.77
1486 5.61 43 219.62
1487 7.64 45 230.02
1488 7.51 45 228.11
1489 8.18 45 229.53
1490 6.62 43 220.41
1491 5.82 47 240.99
1492 5.21 47 239.97
1493 5.04 45 229.46
1494 6.63 47 239.46
1495 6.70 46 233.80
1496 6.37 44 226.35
1497 6.69 45 229.72
1498 5.28 47 239.48
1499 4.88 45 232.11
1500 8.26 48 246.85
1501 7.27 45 231.19
1502 6.59 47 241.71
1503 5.34 44 224.75
1504 6.58 48 243.94
1505 6.53 52 265.20
1506 6.43 46 231.88
1507 6.28 43 220.62
1508 5.83 48 243.87
1509 5.44 46 238.74
1510 5.28 46 236.01
1511 5.41 49 251.84
1512 5.72 50 255.10
1513 5.80 46 235.45
1514 5.24 46 234.65
1515 4.81 45 230.12
1516 4.69 46 231.95
1517 5.38 48 240.97
1518 5.09 46 235.95
1519 5.53 46 237.58
1520 4.63 47 239.73
1521 5.14 44 225.12
1522 5.34 47 241.18
1523 5.80 44 227.22
1524 5.55 44 225.77
1525 5.62 45 228.26
1526 6.43 47 242.08
1527 5.45 47 239.61
1528 5.98 44 226.13
1529 6.50 45 230.43
1530 6.78 46 238.69
1531 5.73 49 244.45
1532 7.38 45 229.44
1533 6.27 47 242.24
1534 6.07 47 242.52
1535 5.78 48 245.27
1536 5.45 49 248.12
1537 5.63 46 236.88
1538 5.45 45 229.86
1539 6.78 47 238.12
1540 5.66 50 258.01
1541 6.02 51 256.93
1542 6.21 48 243.53
1543 8.42 47 242.19
1544 5.70 45 231.75
1545 4.80 49 249.29
1546 5.17 43 222.39
1547 6.02 47 241.00
1548 6.82 45 232.16
1549 5.80 48 247.58
1550 5.49 50 253.26
1551 5.23 44 225.22
1552 5.23 46 237.01
1553 5.37 44 224.99
1554 5.45 47 239.67
1555 5.60 48 243.58
1556 5.04 47 241.39
1557 5.75 44 224.91
1558 6.53 45 233.75
1559 5.32 45 235.45
1560 4.78 50 253.34
1561 5.32 44 224.19
1562 5.32 45 230.18
1563 4.91 45 230.83
1564 9.04 49 250.66
1565 6.38 49 248.33
1566 5.03 44 223.92
1567 5.79 48 244.37
1568 5.61 47 240.29
1569 6.08 45 232.21
1570 5.90 45 229.01
1571 6.17 50 254.95
1572 5.26 46 232.31
1573 5.71 49 249.35
1574 6.06 46 237.20
1575 6.29 48 243.07
1576 5.82 46 235.47
1577 5.33 46 237.31
1578 5.79 47 241.23
1579 6.52 48 244.40
1580 5.11 46 235.52
1581 5.84 45 231.31
1582 5.55 47 240.93
1583 6.19 46 238.77
1584 5.64 49 248.78
1585 7.14 47 243.19
1586 5.45 47 240.89
1587 6.71 45 233.52
1588 5.27 48 243.58
1589 6.63 49 247.24
1590 6.15 46 238.19
1591 5.81 49 250.02
1592 6.90 47 239.56
1593 6.61 49 250.84
1594 5.45 46 236.82
1595 6.25 45 232.74
1596 6.91 45 232.31
1597 7.13 45 228.75
1598 7.75 43 221.22
1599 7.29 46 237.43
1600 5.75 45 232.55
1601 7.28 48 244.91
1602 5.88 49 246.86
1603 6.96 48 245.29
1604 5.94 46 234.20
1605 5.72 44 226.06
1606 5.30 50 252.87
1607 5.62 46 234.90
1608 5.42 44 227.23
1609 6.35 46 237.63
1610 6.34 45 233.67
1611 5.39 49 246.90
1612 5.01 48 244.20
1613 5.54 43 220.25
1614 8.09 45 228.66
1615 7.14 49 252.53
1616 6.83 48 243.78
1617 6.24 48 245.17
1618 7.87 51 259.65
1619 9.34 46 237.25
1620 7.80 46 232.70
1621 5.88 45 231.64
1622 6.08 46 235.30
1623 6.53 45 232.45
1624 5.82 47 240.81
1625 5.73 49 251.20
1626 5.93 47 238.95
1627 5.23 47 243.60
1628 5.46 45 228.40
1629 6.52 49 248.73
1630 6.26 46 237.19
1631 5.84 47 238.76
1632 5.48 50 254.35
1633 5.21 43 218.75
1634 6.14 45 232.10
1635 5.40 45 231.85
1636 5.22 47 240.58
1637 4.47 45 232.19
1638 5.13 46 237.18
1639 5.71 47 243.28
1640 5.40 47 239.81
1641 5.95 47 240.37
1642 5.67 43 223.22
1643 4.93 44 224.77
1644 5.29 47 242.12
1645 7.00 46 235.51
1646 6.66 47 240.27
1647 6.19 45 230.46
1648 5.93 44 228.26
1649 5.39 51 261.02
1650 6.16 47 241.39
1651 6.28 47 243.15
1652 5.50 50 254.33
1653 5.11 45 232.34
1654 5.15 47 236.99
1655 6.01 44 227.94
1656 6.28 44 227.60
1657 6.16 47 240.10
1658 7.42 47 238.63
1659 7.74 46 237.61
1660 5.04 44 224.38
1661 5.36 47 242.68
1662 5.06 48 245.59
1663 5.19 47 240.31
1664 6.20 46 232.29
1665 5.70 45 229.00
1666 6.61 48 241.91
1667 7.49 45 231.78
1668 5.35 44 226.99
1669 5.80 46 234.15
1670 5.89 45 229.36
1671 5.77 45 234.14
1672 5.95 47 240.60
1673 6.00 48 244.10
1674 6.90 44 227.43
1675 5.52 46 236.40
1676 6.38 50 253.78
1677 5.71 45 232.20
1678 5.89 44 229.12
1679 5.95 47 238.92
1680 6.88 46 236.58
1681 6.35 45 233.11
1682 5.03 48 243.13
1683 5.67 49 251.30
1684 6.72 44 225.33
1685 5.38 49 252.11
1686 7.25 46 235.52
1687 6.46 46 233.27
1688 6.67 46 236.27
1689 8.28 47 239.34
1690 7.75 46 235.65
1691 9.12 45 231.66
1692 6.98 43 218.41
1693 7.78 47 240.52
1694 7.61 44 227.77
1695 5.33 44 228.89
1696 5.77 47 238.90
1697 5.06 49 248.13
1698 4.79 48 242.69
1699 5.49 46 239.24
1700 6.07 46 234.77
1701 6.25 45 231.38
1702 6.49 45 230.95
1703 6.71 48 246.16
1704 5.91 45 230.79
1705 6.46 48 246.81
1706 5.67 47 240.25
1707 5.55 47 240.64
1708 6.07 47 241.09
1709 6.06 48 247.39
1710 5.82 45 232.08
1711 5.41 47 238.94
1712 6.13 46 232.67
1713 7.13 46 235.69
1714 5.60 45 230.77
1715 5.04 46 234.77
1716 5.26 46 236.22
1717 5.37 47 239.10
1718 6.99 47 237.68
1719 6.80 46 233.47
1720 5.86 47 242.27
1721 5.84 45 229.34
1722 6.05 48 245.59
1723 5.22 47 240.50
1724 5.50 47 237.33
1725 7.21 49 249.44
1726 6.24 46 238.14
1727 5.58 47 240.71
1728 5.40 45 234.20
1729 5.67 47 241.50
1730 5.37 47 239.97
1731 6.25 47 241.58
1732 4.73 44 226.33
1733 4.39 46 235.97
1734 4.99 43 220.60
1735 5.79 47 242.47
1736 6.54 44 229.58
1737 5.46 45 233.62
1738 6.21 46 232.84
1739 5.87 48 245.95
1740 5.44 48 245.17
1741 5.28 47 240.16
1742 5.84 46 235.23
1743 5.24 43 220.40
1744 4.94 46 235.39
1745 5.29 46 239.44
1746 5.31 49 247.79
1747 5.66 47 241.91
1748 5.37 47 239.43
1749 6.94 48 246.37
1750 6.58 46 236.01
1751 7.88 48 243.67
1752 5.31 46 237.57
1753 4.97 47 244.88
1754 4.71 49 251.02
1755 5.09 46 237.23
1756 5.77 48 246.20
1757 5.20 45 232.34
1758 4.47 45 227.17
1759 5.43 46 231.29
1760 5.67 47 242.06
1761 4.98 47 239.83
1762 6.12 46 236.59
1763 5.90 43 222.45
1764 5.22 47 239.96
1765 5.26 48 242.25
1766 6.46 48 242.08
1767 5.87 48 246.17
1768 6.81 50 249.61
1769 5.43 47 241.15
1770 5.23 44 225.39
1771 5.00 48 245.67
1772 5.58 43 216.24
1773 5.20 42 216.68
1774 4.38 45 231.71
1775 5.62 48 247.05
1776 4.51 48 245.36
1777 4.46 47 238.70
1778 3.93 48 241.76
1779 4.41 46 236.30
1780 4.17 43 220.93
1781 5.10 47 240.49
1782 5.23 48 245.30
1783 5.36 46 235.97
1784 6.02 47 240.50
1785 5.00 46 236.31
1786 5.38 46 236.94
1787 5.00 49 246.73
1788 5.30 48 244.01
1789 4.83 49 249.73
1790 4.30 45 232.29
1791 5.23 46 234.86
1792 4.80 45 229.06
1793 5.22 48 239.05
1794 4.56 46 235.17
1795 5.17 46 235.96
1796 4.74 46 236.68
1797 7.01 46 235.03
1798 6.55 46 235.98
1799 7.40 47 239.27
1800 5.49 47 241.93
1801 5.63 45 231.86
1802 6.73 44 225.37
1803 5.98 43 221.72
1804 5.71 45 232.21
1805 5.32 48 245.19
1806 4.85 45 231.75
1807 5.33 47 240.29
1808 5.63 46 236.81
1809 4.80 49 250.84
1810 4.15 46 231.37
1811 4.60 48 246.21
1812 5.48 45 230.99
1813 4.63 48 246.17
1814 4.99 48 244.27
1815 5.03 45 231.01
1816 5.11 45 233.22
1817 4.97 46 236.05
1818 4.99 47 240.13
1819 4.14 46 234.08
1820 4.82 48 243.08
1821 5.33 45 231.18
1822 5.55 48 242.85
1823 5.45 47 240.60
1824 4.31 44 226.63
1825 5.27 44 227.28
1826 5.18 45 230.89
1827 5.65 45 231.89
1828 5.18 47 241.97
1829 6.16 44 225.04
1830 5.19 46 238.91
1831 5.44 47 236.35
1832 5.64 46 236.32
1833 5.34 46 236.84
1834 5.51 49 248.12
1835 4.72 47 242.11
1836 5.23 44 226.94
1837 5.15 45 229.47
1838 4.80 45 229.39
1839 4.96 47 240.76
1840 5.23 45 227.66
1841 6.72 46 239.50
1842 5.19 47 243.33
1843 4.75 44 224.40
1844 5.37 48 244.62
1845 5.07 45 230.46
1846 4.78 49 252.73
1847 5.16 48 247.42
1848 5.57 44 227.80
1849 7.12 48 241.72
1850 7.16 44 228.09
1851 5.85 47 238.77
1852 6.42 48 242.87
1853 4.16 46 235.20
1854 4.23 45 233.38
1855 3.82 47 239.07
1856 4.16 44 226.47
1857 4.13 47 241.76
1858 5.08 46 234.27
1859 4.87 46 238.70
1860 4.19 44 226.31
1861 4.80 48 247.23
1862 5.28 44 225.51
1863 3.98 43 223.71
1864 4.75 47 240.16
1865 5.96 47 239.95
1866 5.72 48 245.43
1867 7.14 47 242.29
1868 4.78 47 236.06
1869 4.32 45 232.28
1870 6.69 47 241.56
1871 6.20 46 235.46
1872 5.51 47 240.08
1873 5.56 48 243.81
1874 4.70 45 233.39
1875 5.35 47 242.76
1876 4.17 43 219.24
1877 3.92 48 243.14
1878 4.86 46 235.20
1879 5.07 46 236.43
1880 5.16 49 250.69
1881 5.87 48 242.03
1882 5.49 45 229.07
1883 5.67 46 234.69
1884 4.37 47 239.63
1885 4.96 47 240.34
1886 5.44 46 232.06
1887 4.54 47 241.34
1888 5.54 47 239.72
1889 4.44 48 245.26
1890 5.45 46 236.30
1891 4.59 46 233.33
1892 4.58 44 227.62
1893 4.67 44 226.32
1894 4.78 47 240.56
1895 4.50 47 238.68
1896 4.32 46 238.42
1897 4.52 45 232.60
1898 4.63 46 238.37
1899 4.90 48 245.31
1900 6.97 48 243.49
1901 5.11 47 242.01
1902 4.77 47 242.90
1903 4.34 46 234.57
1904 4.55 48 243.84
1905 5.13 44 226.22
1906 4.46 46 238.81
1907 5.08 47 240.43
1908 4.91 49 247.35
1909 4.78 43 221.66
1910 4.81 45 231.67
1911 4.71 45 230.27
1912 4.08 44 227.93
1913 4.32 45 233.12
1914 5.12 44 224.42
1915 4.92 43 225.26
1916 5.80 44 225.01
1917 5.13 46 233.31
1918 5.29 48 246.40
1919 6.47 48 243.97
1920 6.01 50 253.35
1921 4.73 44 225.74
1922 5.30 44 224.37
1923 4.88 48 246.76
1924 4.48 48 246.71
1925 4.77 45 234.80
1926 4.87 45 227.48
1927 5.99 48 242.11
1928 5.52 45 233.11
1929 4.59 45 230.70
1930 5.28 46 237.39
1931 5.38 43 219.49
1932 4.30 46 235.12
1933 4.76 46 235.96
1934 4.60 48 247.29
1935 4.73 45 231.29
1936 4.28 45 230.95
1937 4.50 49 247.84
1938 4.69 46 233.75
1939 5.31 44 227.97
1940 4.96 47 237.58
1941 4.49 45 232.89
1942 4.86 43 221.30
1943 4.89 47 242.72
1944 3.92 46 236.08
1945 3.87 48 243.24
1946 4.51 46 239.04
1947 4.34 50 249.80
1948 4.47 48 246.09
1949 4.04 47 239.90
1950 4.33 46 232.87
1951 4.49 49 248.31
1952 5.46 45 231.23
1953 5.49 45 227.67
1954 5.50 47 238.09
1955 4.31 44 230.28
1956 5.08 48 244.31
1957 3.64 46 238.28
1958 4.02 45 229.56
1959 4.15 43 222.20
1960 4.19 46 235.99
1961 3.96 45 228.58
1962 4.80 46 236.96
1963 4.34 50 250.38
1964 4.22 45 232.54
1965 4.68 49 253.47
1966 4.74 48 242.20
1967 4.68 45 231.50
1968 3.99 48 247.67
1969 4.46 46 236.28
1970 3.82 47 239.11
1971 4.36 51 259.33
1972 5.13 45 230.84
1973 4.98 47 244.32
1974 4.86 45 229.33
1975 5.38 45 231.65
1976 5.54 47 240.16
1977 4.83 48 244.64
1978 5.52 45 231.42
1979 4.74 48 240.12
1980 5.19 46 234.63
1981 4.04 46 235.23
1982 4.23 43 221.89
1983 4.85 47 237.30
1984 5.48 45 233.00
1985 6.17 44 224.96
1986 9.38 45 231.70
1987 8.43 47 240.71
1988 7.04 50 252.25
1989 5.11 48 246.07
1990 6.23 48 244.99
1991 4.84 48 243.83
1992 5.47 46 237.21
1993 4.59 42 218.09
1994 4.24 44 226.98
1995 5.45 46 233.22
1996 4.35 49 252.18
1997 4.05 45 230.98
1998 4.91 45 230.36
1999 5.07 49 250.25
2000 6.81 45 232.38
2001 6.49 46 238.43
2002 5.61 45 232.44
2003 4.87 49 246.12
2004 4.36 44 228.04
2005 6.10 47 236.90
2006 4.99 48 241.76
2007 5.48 46 231.65
2008 4.28 47 239.97
2009 5.24 45 232.28
2010 3.80 48 245.90
2011 4.20 43 220.95
2012 4.37 45 230.86
2013 4.67 45 228.95
2014 4.83 47 238.96
2015 4.84 46 235.60
2016 5.00 45 230.09
2017 4.94 46 236.37
2018 4.14 46 234.67
2019 4.54 49 245.72
2020 4.79 43 219.66
2021 5.95 47 238.65
2022 5.29 45 230.78
2023 6.35 46 237.49
2024 4.89 44 224.43
2025 5.90 44 226.53
2026 3.96 44 225.68
2027 4.67 51 256.71
2028 4.63 46 237.58
2029 5.07 46 236.45
2030 5.05 46 236.37
2031 4.85 46 235.73
2032 4.56 45 232.17
2033 4.75 44 225.62
2034 5.85 48 246.72
2035 5.26 46 240.54
2036 4.86 45 233.30
2037 4.34 47 240.12
2038 4.09 48 247.12
2039 3.84 46 236.02
2040 3.79 45 232.39
