0 1.90 7140 -3.00
1 0.01 7140 1.00
2 0.01 7140 3.00
3 0.01 7140 3.00
4 0.02 7140 19.00
5 0.02 7140 3.00
6 0.01 7140 -1.00
7 0.02 7140 1.00
8 0.01 7140 6.00
9 0.02 7140 3.00
10 0.02 7140 1.00
11 0.02 7140 -1.00
12 0.01 7140 -8.00
13 0.02 7140 -19.00
14 0.02 7140 4.00
15 0.01 7140 -2.00
16 0.01 7140 5.00
17 0.02 7140 5.00
18 0.02 7140 -14.00
19 0.02 7140 7.00
20 0.02 7140 -1.00
21 0.01 7140 -5.00
22 0.02 7140 -1.00
23 0.02 7140 -1.00
24 0.02 7140 -14.00
25 0.02 7140 0.00
26 0.02 7140 6.00
27 0.02 7140 1.00
28 0.02 7140 1.00
29 0.02 7140 6.00
30 0.02 7140 -11.00
31 0.02 7140 -13.00
32 0.02 7140 0.00
33 0.02 7140 -2.00
34 0.02 7140 3.00
35 0.02 7140 8.00
36 0.02 7140 6.00
37 0.03 7140 1.00
38 0.02 7140 1.00
39 0.02 7140 -1.00
40 0.02 7140 0.00
41 0.02 7140 3.00
42 0.02 7140 -3.00
43 0.02 7140 -8.00
44 0.02 7140 -6.00
45 0.02 7140 4.00
46 0.02 7140 -3.00
47 0.02 7140 -17.00
48 0.02 7140 -4.00
49 0.01 7140 -12.00
50 0.02 7140 -2.00
51 0.02 7140 -1.00
52 0.02 7140 -20.00
53 0.02 7140 -1.00
54 0.02 7140 1.00
55 0.02 7140 -12.00
56 0.02 7140 10.00
57 0.02 7140 -6.00
58 0.02 7140 -2.00
59 0.02 7140 -4.00
60 0.02 7140 -5.00
61 0.02 7140 3.00
62 0.02 7140 -4.00
63 0.02 7140 -1.00
64 0.02 7140 -10.00
65 0.02 7140 -1.00
66 0.02 7140 0.00
67 0.02 7140 1.00
68 0.02 7140 -7.00
69 0.02 7140 -6.00
70 0.02 7140 0.00
71 0.02 7140 -7.00
72 0.02 7140 -12.00
73 0.02 7140 -7.00
74 0.02 7140 -1.00
75 0.02 7140 0.00
76 0.02 7140 -5.00
77 0.02 7140 1.00
78 0.02 7140 -11.00
79 0.01 7140 -5.00
80 0.01 7140 -5.00
81 0.02 7140 -7.00
82 0.01 7140 5.00
83 0.01 7140 2.00
84 0.01 7140 -5.00
85 0.01 7140 -3.00
86 0.01 7140 2.00
87 0.01 7140 -3.00
88 0.01 7140 -1.00
89 0.01 7140 0.00
90 0.01 7140 -3.00
91 0.01 7140 -3.00
92 0.01 7140 -17.00
93 0.02 7140 -18.00
94 0.01 7140 0.00
95 0.01 7140 7.00
96 0.01 7140 -3.00
97 0.02 7140 1.00
98 0.02 7140 -6.00
99 0.02 7140 1.00
100 0.02 7140 2.00
101 0.02 7140 -20.00
102 0.02 7140 3.00
103 0.02 7140 -17.00
104 0.02 7140 1.00
105 0.02 7140 0.00
106 0.02 7140 0.00
107 0.02 7140 19.00
108 0.02 7140 1.00
109 0.02 7140 -14.00
110 0.02 7140 -1.00
111 0.02 7140 3.00
112 0.02 7140 -7.00
113 0.02 7140 13.00
114 0.02 7140 -11.00
115 0.02 7140 -6.00
116 0.02 7140 2.00
117 0.02 7140 -9.00
118 0.02 7140 6.00
119 0.02 7140 -17.00
120 0.02 7140 -1.00
121 0.02 7140 -5.00
122 0.02 7140 4.00
123 0.01 7140 1.00
124 0.02 7140 -4.00
125 0.02 7140 -7.00
126 0.02 7140 11.00
127 0.02 7140 -11.00
128 0.02 7140 -6.00
129 0.02 7140 0.00
130 0.02 7140 -19.00
131 0.02 7140 -1.00
132 0.02 7140 -24.00
133 0.02 7140 -5.00
134 0.02 7140 0.00
135 0.02 7140 -6.00
136 0.01 7140 13.00
137 0.02 7140 0.00
138 0.02 7140 12.00
139 0.02 7140 -6.00
140 0.02 7140 -15.00
141 0.02 7140 3.00
142 0.02 7140 3.00
143 0.02 7140 -10.00
144 0.02 7140 -2.00
145 0.02 7140 -3.00
146 0.02 7140 13.00
147 0.02 7140 6.00
148 0.02 7140 -14.00
149 0.02 7140 1.00
150 0.02 7140 1.00
151 0.02 7140 -18.00
152 0.02 7140 1.00
153 0.02 7140 -7.00
154 0.02 7140 11.00
155 0.02 7140 -20.00
156 0.02 7140 -6.00
157 0.02 7140 -1.00
158 0.02 7140 1.00
159 0.01 7140 5.00
160 0.02 7140 -15.00
161 0.02 7140 5.00
162 0.02 7140 -22.00
163 0.03 7140 2.00
