0 6.39 1999 2.00
1 0.06 1999 -10.00
2 0.02 1999 0.00
3 0.01 1999 2.00
4 0.02 1999 -14.00
5 0.01 1999 2.00
6 0.01 1999 -4.00
7 0.01 1999 -6.00
8 0.01 1999 -4.00
9 0.01 1999 4.00
10 0.01 1999 -5.00
11 0.01 1999 0.00
12 0.01 1999 0.00
13 0.01 1999 10.00
14 0.01 1999 -3.00
15 0.01 1999 2.00
16 0.01 1999 -4.00
17 0.01 1999 1.00
18 0.02 1999 -2.00
19 0.01 1999 -3.00
20 0.01 1999 10.00
21 0.01 1999 2.00
22 0.02 1999 -3.00
23 0.01 1999 -4.00
24 0.01 1999 0.00
25 0.01 1999 3.00
26 0.01 1999 6.00
27 0.01 1999 -11.00
28 0.02 1999 -3.00
29 0.01 1999 0.00
30 0.01 1999 -7.00
31 0.01 1999 -2.00
32 0.01 1999 1.00
33 0.01 1999 -7.00
34 0.01 1999 -1.00
35 0.02 1999 -1.00
36 0.01 1999 1.00
37 0.01 1999 -3.00
38 0.02 1999 -4.00
39 0.01 1999 -12.00
40 0.01 1999 3.00
41 0.01 1999 -6.00
42 0.02 1999 -3.00
43 0.02 1999 -10.00
44 0.01 1999 -15.00
45 0.02 1999 5.00
46 0.01 1999 1.00
47 0.01 1999 -2.00
48 0.01 1999 0.00
49 0.01 1999 5.00
50 0.01 1999 -3.00
51 0.01 1999 -3.00
52 0.01 1999 1.00
53 0.02 1999 -4.00
54 0.01 1999 -6.00
55 0.01 1999 5.00
56 0.01 1999 -2.00
57 0.01 1999 1.00
58 0.01 1999 -2.00
59 0.02 1999 -3.00
60 0.01 1999 -1.00
61 0.02 1999 1.00
62 0.01 1999 -3.00
63 0.01 1999 -9.00
64 0.01 1999 2.00
65 0.01 1999 -8.00
66 0.01 1999 -1.00
67 0.02 1999 0.00
68 0.01 1999 3.00
69 0.01 1999 -7.00
70 0.01 1999 -12.00
71 0.02 1999 -1.00
72 0.02 1999 1.00
73 0.02 1999 -5.00
74 0.02 1999 6.00
75 0.01 1999 -5.00
76 0.01 1999 0.00
77 0.01 1999 1.00
78 0.02 1999 0.00
79 0.01 1999 1.00
80 0.02 1999 -3.00
81 0.02 1999 2.00
82 0.02 1999 -3.00
83 0.02 1999 -5.00
84 0.01 1999 0.00
85 0.02 1999 -5.00
86 0.02 1999 1.00
87 0.02 1999 -1.00
88 0.01 1999 -3.00
89 0.01 1999 -12.00
90 0.02 1999 -2.00
91 0.01 1999 1.00
92 0.01 1999 3.00
93 0.02 1999 -8.00
94 0.01 1999 -2.00
95 0.01 1999 0.00
96 0.01 1999 -5.00
97 0.01 1999 -1.00
98 0.02 1999 2.00
99 0.02 1999 -1.00
100 0.01 1999 -4.00
101 0.01 1999 -1.00
102 0.01 1999 0.00
103 0.01 1999 -1.00
104 0.01 1999 -8.00
105 0.02 1999 0.00
106 0.02 1999 -3.00
107 0.02 1999 -8.00
108 0.01 1999 2.00
109 0.01 1999 1.00
110 0.01 1999 3.00
111 0.01 1999 7.00
112 0.02 1999 -1.00
113 0.02 1999 -9.00
114 0.02 1999 1.00
115 0.02 1999 -2.00
116 0.02 1999 2.00
117 0.02 1999 -3.00
118 0.01 1999 -1.00
119 0.02 1999 0.00
120 0.01 1999 5.00
121 0.01 1999 1.00
122 0.01 1999 -6.00
123 0.01 1999 -7.00
124 0.02 1999 -7.00
125 0.01 1999 -4.00
126 0.01 1999 -4.00
127 0.01 1999 -19.00
128 0.02 1999 -5.00
129 0.02 1999 -1.00
130 0.02 1999 -3.00
131 0.01 1999 -6.00
132 0.02 1999 -5.00
133 0.01 1999 -8.00
134 0.03 1999 -22.00
135 0.01 1999 -10.00
136 0.02 1999 -1.00
137 0.02 1999 0.00
138 0.02 1999 -9.00
139 0.03 1999 -1.00
140 0.02 1999 -6.00
141 0.02 1999 -2.00
142 0.02 1999 -6.00
143 0.03 1999 12.00
144 0.03 1999 -4.00
145 0.02 1999 -3.00
146 0.03 1999 -4.00
147 0.02 1999 -6.00
148 0.02 1999 -5.00
149 0.02 1999 3.00
150 0.02 1999 -11.00
151 0.03 1999 -3.00
152 0.03 1999 -2.00
153 0.03 1999 -1.00
154 0.02 1999 -8.00
155 0.02 1999 -2.00
156 0.02 1999 -9.00
157 0.02 1999 -9.00
158 0.02 1999 -4.00
159 0.02 1999 -2.00
160 0.03 1999 -2.00
161 0.03 1999 -4.00
162 0.03 1999 -5.00
163 0.02 1999 0.00
164 0.01 1999 5.00
165 0.03 1999 -5.00
166 0.02 1999 7.00
167 0.01 1999 -5.00
168 0.02 1999 -1.00
169 0.02 1999 5.00
170 0.03 1999 -4.00
171 0.02 1999 -9.00
172 0.02 1999 -13.00
173 0.02 1999 -2.00
174 0.02 1999 -2.00
175 0.01 1999 -6.00
176 0.02 1999 -6.00
177 0.01 1999 -7.00
178 0.01 1999 -6.00
179 0.02 1999 -6.00
180 0.02 1999 2.00
181 0.02 1999 -12.00
182 0.02 1999 1.00
183 0.01 1999 -2.00
184 0.02 1999 -6.00
185 0.02 1999 -7.00
186 0.01 1999 -12.00
187 0.03 1999 -12.00
188 0.03 1999 -5.00
189 0.02 1999 -3.00
190 0.01 1999 4.00
191 0.01 1999 -4.00
192 0.02 1999 -10.00
193 0.01 1999 -11.00
194 0.02 1999 -11.00
195 0.02 1999 -1.00
196 0.02 1999 -10.00
197 0.01 1999 0.00
198 0.02 1999 -1.00
199 0.01 1999 -3.00
200 0.02 1999 -10.00
201 0.02 1999 1.00
202 0.03 1999 -9.00
203 0.02 1999 -4.00
204 0.02 1999 -7.00
205 0.03 1999 -4.00
206 0.02 1999 -6.00
207 0.02 1999 1.00
208 0.01 1999 -6.00
209 0.02 1999 -4.00
210 0.02 1999 17.00
211 0.02 1999 1.00
212 0.02 1999 3.00
213 0.01 1999 1.00
214 0.02 1999 -2.00
215 0.02 1999 -19.00
216 0.02 1999 5.00
217 0.02 1999 5.00
218 0.01 1999 -2.00
219 0.02 1999 2.00
220 0.02 1999 -1.00
221 0.02 1999 -12.00
222 0.03 1999 -5.00
223 0.02 1999 -1.00
224 0.02 1999 -6.00
225 0.02 1999 0.00
226 0.02 1999 -2.00
227 0.03 1999 -6.00
228 0.02 1999 4.00
229 0.02 1999 -2.00
230 0.02 1999 1.00
231 0.02 1999 0.00
232 0.03 1999 -17.00
233 0.01 1999 -3.00
234 0.03 1999 -15.00
235 0.03 1999 5.00
236 0.01 1999 1.00
237 0.02 1999 -17.00
238 0.02 1999 -8.00
239 0.03 1999 0.00
240 0.03 1999 -2.00
241 0.02 1999 -9.00
242 0.02 1999 -3.00
243 0.02 1999 -2.00
244 0.03 1999 -3.00
245 0.02 1999 -2.00
246 0.02 1999 -3.00
247 0.02 1999 -5.00
248 0.02 1999 -1.00
249 0.02 1999 -7.00
250 0.01 1999 1.00
251 0.01 1999 -5.00
252 0.02 1999 -6.00
253 0.02 1999 -16.00
254 0.01 1999 5.00
255 0.01 1999 -9.00
256 0.03 1999 -8.00
257 0.02 1999 -4.00
