0 2.88 578 0.00
1 0.00 822 2.00
2 0.01 654 0.00
3 0.01 1051 3.00
4 0.00 802 1.00
5 0.02 1041 3.00
6 0.01 1046 2.00
7 0.01 805 2.00
8 0.01 540 0.00
9 0.00 855 2.00
10 0.01 551 0.00
11 0.01 1009 3.00
12 0.00 866 2.00
13 0.01 595 0.00
14 0.01 583 0.00
15 0.01 1001 3.00
16 0.00 634 0.00
17 0.01 520 0.00
18 0.01 1001 3.00
19 0.00 622 1.00
20 0.00 856 2.00
21 0.00 1076 3.00
22 0.01 777 1.00
23 0.00 590 0.00
24 0.00 813 2.00
25 0.00 619 0.00
26 0.00 1360 5.00
27 0.00 1136 4.00
28 0.00 873 2.00
29 0.00 868 1.00
30 0.00 1113 3.00
31 0.00 747 1.00
32 0.01 747 1.00
33 0.00 723 1.00
34 0.01 854 2.00
35 0.00 739 2.00
36 0.00 498 0.00
37 0.00 637 1.00
38 0.00 1171 3.00
39 0.00 826 1.00
40 0.00 693 1.00
41 0.01 596 0.00
42 0.01 623 0.00
43 0.00 604 0.00
44 0.01 606 0.00
45 0.00 592 0.00
46 0.01 554 0.00
47 0.00 851 2.00
48 0.00 957 2.00
49 0.00 748 1.00
50 0.01 772 1.00
51 0.00 769 1.00
52 0.00 766 1.00
53 0.00 618 1.00
54 0.01 542 0.00
55 0.00 1266 4.00
56 0.00 988 1.00
57 0.00 1194 3.00
58 0.00 1023 3.00
59 0.00 969 2.00
60 0.01 605 0.00
61 0.00 699 1.00
62 0.00 536 0.00
63 0.00 692 1.00
64 0.00 914 2.00
65 0.00 858 2.00
66 0.00 578 0.00
67 0.00 796 0.00
68 0.00 610 0.00
69 0.00 854 2.00
70 0.00 637 0.00
71 0.00 675 1.00
72 0.00 1302 4.00
73 0.00 1003 2.00
74 0.01 562 0.00
75 0.00 719 1.00
76 0.00 711 1.00
77 0.00 1198 3.00
78 0.00 688 1.00
79 0.00 569 0.00
80 0.00 725 1.00
81 0.00 587 0.00
82 0.00 523 0.00
83 0.01 576 0.00
84 0.00 857 2.00
85 0.00 670 1.00
86 0.00 907 1.00
87 0.00 545 0.00
88 0.00 658 1.00
89 0.01 576 0.00
90 0.01 572 0.00
91 0.00 1158 3.00
92 0.00 754 1.00
93 0.00 844 2.00
94 0.00 888 2.00
95 0.01 937 2.00
96 0.00 838 2.00
97 0.00 678 1.00
98 0.01 626 0.00
99 0.01 667 1.00
100 0.00 726 1.00
101 0.00 1533 6.00
102 0.00 1084 3.00
103 0.00 942 2.00
104 0.00 998 2.00
105 0.00 656 1.00
106 0.00 1132 3.00
107 0.00 910 2.00
108 0.00 527 0.00
109 0.00 968 3.00
110 0.00 761 1.00
111 0.00 1051 2.00
112 0.01 658 0.00
113 0.00 812 2.00
114 0.01 874 1.00
115 0.01 1004 3.00
116 0.00 1068 3.00
117 0.00 1113 3.00
118 0.00 649 0.00
119 0.00 581 0.00
120 0.00 867 2.00
121 0.00 1026 2.00
122 0.00 930 2.00
123 0.01 512 0.00
124 0.01 715 1.00
125 0.00 820 1.00
126 0.00 896 1.00
127 0.00 735 1.00
128 0.00 594 0.00
129 0.00 609 0.00
130 0.00 788 2.00
131 0.00 727 1.00
132 0.00 1316 5.00
133 0.00 994 2.00
134 0.00 918 2.00
135 0.00 654 1.00
136 0.00 538 0.00
137 0.01 859 1.00
138 0.00 1181 4.00
139 0.00 1145 3.00
140 0.00 532 0.00
141 0.00 997 2.00
142 0.00 962 2.00
143 0.00 724 1.00
144 0.00 987 2.00
145 0.00 979 2.00
146 0.00 754 1.00
147 0.01 770 1.00
148 0.00 803 1.00
149 0.00 838 2.00
150 0.00 771 1.00
151 0.00 997 2.00
152 0.00 869 2.00
153 0.00 911 2.00
154 0.00 589 0.00
155 0.00 966 2.00
156 0.00 559 0.00
157 0.00 617 0.00
158 0.00 742 2.00
159 0.00 1103 3.00
160 0.01 746 1.00
161 0.00 756 1.00
162 0.00 793 1.00
163 0.00 981 2.00
164 0.00 506 0.00
165 0.00 1283 4.00
166 0.00 872 2.00
167 0.00 1418 4.00
168 0.00 779 2.00
169 0.00 1249 4.00
170 0.00 628 0.00
171 0.00 774 1.00
172 0.00 764 1.00
173 0.00 714 1.00
174 0.00 723 1.00
175 0.00 709 1.00
176 0.00 1128 4.00
177 0.00 914 2.00
178 0.00 696 1.00
179 0.00 563 0.00
180 0.01 780 0.00
181 0.00 856 2.00
182 0.00 1330 3.00
183 0.00 1176 3.00
184 0.00 725 1.00
185 0.00 757 1.00
186 0.00 547 0.00
187 0.00 945 3.00
188 0.01 978 3.00
189 0.00 635 0.00
190 0.00 583 0.00
191 0.00 971 3.00
192 0.00 681 1.00
193 0.00 1125 2.00
194 0.01 728 1.00
195 0.00 525 0.00
196 0.00 828 1.00
197 0.00 611 0.00
198 0.00 907 2.00
199 0.00 642 1.00
200 0.00 1086 3.00
