0 1.34 811 -1114.44
1 2.69 106 -91.80
2 3.59 999 -936.05
3 2.76 54 -27.96
4 2.79 64 -107.99
5 2.77 95 -80.19
6 3.22 24 -41.53
7 2.54 12 -8.37
8 2.93 999 -857.21
9 2.93 117 -68.78
10 3.58 999 -631.61
11 3.91 387 -267.61
12 3.85 999 -554.71
13 3.43 139 -78.46
14 3.65 59 -43.49
15 2.84 16 -8.59
16 3.97 999 -498.37
17 4.01 804 -380.42
18 3.34 210 -61.52
19 3.61 764 -427.62
20 3.89 257 -112.52
21 3.45 825 -379.02
22 2.96 228 -50.50
23 2.99 511 -274.53
24 3.18 999 -288.23
25 2.26 38 3.44
26 3.18 827 -301.33
27 3.55 218 -39.40
28 3.51 60 -12.35
29 2.94 77 -13.49
30 2.51 13 -6.51
31 3.09 713 -93.74
32 3.12 294 -40.54
33 3.16 999 -263.58
34 3.13 223 -75.93
35 2.91 219 -104.78
36 2.92 275 -18.62
37 3.32 42 -5.64
38 3.23 188 -35.25
39 3.09 999 -97.76
40 3.12 83 27.95
41 2.77 14 -7.23
42 2.76 999 -64.51
43 2.66 439 14.69
44 2.66 68 -44.67
45 2.51 999 -93.94
46 2.38 999 -165.69
47 2.24 999 -106.07
48 2.14 999 -52.77
49 2.00 999 -34.64
50 2.01 999 23.98
51 1.89 999 -127.32
52 1.94 999 -238.97
53 1.90 999 -213.31
54 1.92 313 -70.41
55 1.89 634 -130.89
56 1.91 999 -175.43
57 1.81 999 -196.53
58 1.93 999 -157.84
59 2.01 999 -49.55
60 2.04 999 -127.82
61 1.96 999 -59.68
62 2.02 999 -97.97
63 2.12 999 -117.28
64 2.08 999 -3.01
65 2.07 96 3.92
66 2.21 100 -10.09
67 2.11 999 -8.49
68 2.25 999 24.29
69 2.18 999 36.30
70 2.24 999 -11.60
71 2.14 999 -16.16
72 2.24 999 39.75
73 2.29 999 22.85
74 2.18 999 -34.38
75 3.25 23 -12.26
76 2.35 999 -12.94
77 2.38 999 55.85
78 2.71 999 -50.12
79 2.70 999 38.86
80 2.88 999 45.70
81 2.34 999 35.87
82 2.70 999 -116.05
83 2.74 999 7.69
84 2.89 999 -35.64
85 3.29 999 -20.97
86 3.11 759 9.37
87 1.99 460 10.47
88 3.21 999 53.11
89 2.53 963 24.24
90 4.10 999 -39.57
91 3.60 999 -63.85
92 4.25 999 146.28
93 4.04 999 58.06
94 5.11 999 6.44
95 3.90 999 114.69
96 2.43 999 142.51
97 4.34 999 58.19
