0 0.73 132 -121.44
1 2.79 999 -918.81
2 3.89 999 -859.31
3 3.18 110 -60.54
4 3.32 999 -850.52
5 3.25 349 -369.83
6 3.31 23 -31.36
7 3.16 104 -102.56
8 4.68 62 -52.33
9 3.08 98 -99.44
10 4.05 999 -763.07
11 3.54 295 -218.05
12 4.17 135 -93.32
13 4.56 587 -265.52
14 4.23 58 -37.15
15 4.04 999 -672.28
16 4.34 999 -725.19
17 3.86 999 -668.10
18 4.35 999 -698.41
19 4.13 999 -437.10
20 4.23 999 -537.08
21 4.01 999 -388.61
22 3.58 999 -368.41
23 3.61 999 -527.25
24 3.67 999 -414.56
25 3.49 999 -429.99
26 3.67 762 -153.24
27 3.88 873 -221.66
28 3.44 999 -92.99
29 3.70 999 -429.67
30 3.06 584 -288.66
31 3.26 999 -163.74
32 3.21 999 -307.65
33 2.90 426 -237.96
34 2.92 999 -299.61
35 2.90 999 -284.73
36 2.64 999 -274.80
37 2.61 999 -482.30
38 2.63 999 -134.04
39 2.79 999 -59.08
40 2.22 22 -7.95
41 2.91 149 -24.65
42 2.71 999 -73.10
43 2.81 999 -392.03
44 2.76 999 -101.32
45 2.62 999 -233.46
46 2.74 999 -316.21
47 2.97 147 -74.46
48 2.97 999 -431.70
49 2.69 191 -134.00
50 2.98 999 -300.87
51 2.81 249 -80.90
52 3.14 999 -196.06
53 3.47 43 -40.47
54 3.18 44 -2.34
55 3.22 999 -324.74
56 3.00 232 -84.27
57 2.99 999 -259.48
58 3.21 999 -395.04
59 3.45 999 -377.95
60 3.32 999 -351.99
61 3.15 316 -188.19
62 3.19 999 -292.36
63 2.98 999 -204.26
64 3.03 999 -164.34
65 2.97 999 -186.73
66 3.04 999 -296.04
67 2.70 185 -37.37
68 2.59 999 -175.08
69 2.57 999 -5.28
70 3.02 38 12.78
71 2.61 171 -78.54
72 2.63 999 -122.21
73 2.57 999 -91.23
74 2.48 999 -8.11
75 4.16 22 -6.33
76 2.50 999 34.83
77 2.51 631 -58.99
78 2.49 53 8.88
79 2.57 999 -196.37
80 2.54 999 57.35
81 2.62 238 11.16
82 2.55 999 -112.07
83 2.42 999 103.69
84 2.38 999 79.68
85 2.19 999 26.79
86 2.37 999 28.30
87 2.38 47 -56.66
88 2.27 60 -1.13
89 2.24 692 -4.93
90 2.27 999 55.08
91 2.19 62 7.95
92 2.10 199 10.99
93 2.19 999 -6.26
94 2.26 999 167.29
95 2.16 54 15.42
96 2.22 999 170.55
97 2.24 999 92.75
98 2.13 999 116.45
99 2.19 999 34.61
100 2.66 201 56.81
101 2.04 108 1.06
102 2.11 999 127.39
103 2.41 999 194.42
104 2.39 999 104.52
105 2.40 999 -43.97
106 2.23 999 152.25
107 2.65 999 85.99
108 2.37 999 145.81
109 2.49 999 136.72
110 2.20 999 65.46
111 2.33 999 153.86
112 2.29 999 142.03
113 2.62 999 278.92
114 2.36 999 80.58
115 2.48 859 195.36
116 2.40 999 158.45
117 2.88 999 122.82
118 3.07 999 225.93
119 2.56 999 261.45
120 2.55 999 188.50
121 2.62 999 267.02
122 2.42 999 218.32
123 2.77 999 261.28
124 2.86 999 288.91
125 2.86 999 152.71
126 3.93 999 219.13
127 2.46 999 199.35
128 2.73 999 195.91
129 3.05 999 291.77
130 2.68 999 268.83
131 3.64 999 221.93
132 3.05 999 240.53
133 3.35 999 297.83
134 3.07 999 197.82
135 2.41 999 351.13
136 2.90 999 240.31
137 4.24 999 295.55
138 2.80 999 309.27
139 2.99 999 259.32
140 2.35 999 333.26
141 2.95 999 239.97
142 2.14 999 224.15
143 3.87 999 262.57
144 2.78 999 276.07
145 2.66 999 338.17
146 3.80 999 257.16
147 3.47 999 270.65
148 3.89 999 304.16
149 2.96 999 258.56
150 2.90 999 260.64
151 3.00 999 270.88
152 3.58 733 212.16
153 3.34 999 166.59
154 2.62 999 327.42
155 2.60 999 211.04
156 3.47 999 236.98
157 2.57 999 352.34
158 4.61 999 280.17
159 2.50 999 322.63
160 2.63 999 278.46
161 3.47 999 29.06
162 2.87 999 304.30
163 3.24 999 332.24
164 2.45 999 218.59
165 1.91 999 225.54
166 2.46 999 372.33
167 3.30 999 351.03
168 2.32 6 0.77
169 2.41 999 123.07
170 2.41 999 352.77
171 3.85 999 295.18
172 3.30 999 332.48
173 3.21 999 291.71
174 1.95 999 303.07
175 4.23 999 299.97
176 2.23 999 191.73
177 3.67 999 50.15
178 2.37 999 189.19
179 3.78 999 306.48
180 1.84 999 345.22
181 3.20 999 355.51
182 2.42 999 129.75
183 2.86 999 205.37
184 2.86 999 383.19
185 3.87 559 98.29
186 2.93 599 208.99
187 1.80 999 219.15
188 1.96 999 -52.14
189 1.55 999 105.22
190 3.14 999 359.28
191 2.62 999 251.76
192 2.67 999 349.28
193 1.79 999 159.44
194 1.78 999 259.36
195 2.40 999 172.38
196 1.44 999 51.89
197 1.93 999 304.99
198 2.36 999 376.61
199 2.37 999 334.43
200 1.47 999 138.01
201 1.90 999 282.80
202 1.89 999 233.85
203 1.49 999 244.91
204 1.55 999 372.19
205 1.59 999 247.15
206 1.94 999 344.81
207 1.47 999 389.80
208 1.55 999 306.91
209 2.12 999 237.18
210 1.69 999 255.55
211 1.84 999 412.90
212 1.73 999 314.73
213 1.66 999 331.16
214 1.49 999 88.35
215 1.47 999 96.56
216 1.56 999 210.86
217 2.18 999 326.59
218 1.55 999 318.64
219 1.82 999 372.68
220 1.55 999 357.91
221 1.89 999 283.95
222 1.98 999 445.13
223 1.53 498 188.19
224 1.53 692 284.07
225 1.80 999 467.66
226 1.42 999 326.18
227 1.60 999 378.69
228 1.74 999 341.51
229 1.48 999 349.35
230 1.88 999 461.66
231 1.67 999 387.32
232 2.08 459 204.62
233 1.54 999 356.54
234 2.04 999 425.24
235 1.38 999 332.22
236 2.10 999 374.38
237 1.98 999 297.49
238 1.48 999 418.81
239 1.40 999 333.53
240 1.84 999 535.46
241 1.56 999 484.37
242 1.52 596 241.52
243 2.21 509 200.73
244 2.52 999 406.59
245 2.20 999 340.37
246 1.93 999 417.38
247 2.04 999 506.29
248 2.17 999 340.80
249 1.54 999 365.14
250 1.88 999 333.00
251 3.28 731 267.11
252 1.71 999 384.22
253 1.29 999 319.80
254 2.32 999 27.58
255 2.46 999 391.00
256 2.03 637 272.04
257 1.26 691 364.42
258 1.82 999 530.45
259 1.38 999 392.12
260 2.35 999 458.78
261 1.38 999 475.56
262 1.49 999 410.42
263 2.38 999 406.99
264 2.79 999 442.73
265 2.24 999 384.28
266 1.29 317 166.15
267 1.81 999 404.10
268 2.89 999 449.35
269 1.67 999 410.92
270 2.17 999 402.27
271 1.81 999 587.16
272 1.31 129 71.79
273 1.70 999 469.00
274 1.99 999 554.50
275 2.40 999 429.05
276 1.49 142 60.92
277 2.60 999 497.59
278 1.68 999 531.10
279 3.05 158 75.55
280 4.12 146 51.60
281 1.73 999 541.54
282 1.28 999 546.10
283 4.95 999 451.75
284 3.40 999 300.41
285 2.62 999 436.44
286 2.65 999 450.88
287 1.76 999 560.09
288 2.44 999 454.01
289 1.34 999 607.40
290 2.01 624 426.19
291 3.53 999 377.25
292 3.33 999 505.86
293 3.11 999 490.63
294 2.67 726 439.02
295 1.67 999 451.86
296 2.11 549 277.59
297 5.34 166 83.71
298 3.76 999 534.01
299 3.68 575 402.09
300 3.56 272 150.56
301 4.20 999 312.97
302 1.09 187 69.35
303 1.22 77 59.67
304 4.08 397 232.42
305 2.47 999 485.01
306 1.10 82 21.17
307 2.29 999 304.74
308 3.62 999 511.74
309 3.87 539 233.85
310 2.45 999 686.24
311 2.79 999 488.98
312 3.82 830 615.21
313 4.50 999 427.68
314 3.64 173 107.90
315 1.10 143 64.08
316 5.12 162 186.26
317 4.58 999 403.16
318 2.71 999 577.31
319 2.38 999 695.03
320 3.25 547 346.49
321 4.44 799 357.93
322 1.37 136 62.10
323 2.85 999 537.63
324 3.06 732 -30.97
325 7.62 366 242.25
326 4.69 628 287.55
327 1.23 200 125.89
328 8.97 80 82.06
329 3.95 999 398.58
330 3.81 999 463.75
331 6.09 999 461.27
332 4.31 405 313.01
333 1.52 368 216.53
334 2.83 999 444.17
335 4.07 540 340.69
336 7.05 999 491.52
337 3.05 999 510.16
338 1.49 90 46.43
339 7.63 999 322.02
340 6.50 999 524.55
341 4.66 226 112.24
342 4.37 359 194.60
343 6.29 999 425.73
344 5.75 874 330.36
345 7.05 999 402.87
346 4.88 333 268.16
347 4.76 999 444.82
348 7.58 999 310.99
349 1.67 129 96.07
350 6.25 999 448.20
351 6.03 999 391.17
352 6.45 999 456.45
353 3.53 999 606.06
354 2.61 312 185.33
355 4.13 999 357.81
356 7.89 999 487.34
357 6.38 999 519.10
358 3.55 999 421.06
359 4.76 999 470.42
360 1.54 47 41.14
361 5.42 999 516.46
362 3.21 999 323.70
363 4.56 120 66.84
364 4.90 999 340.14
365 5.75 999 424.49
366 1.81 217 180.94
367 6.55 999 699.37
368 4.92 299 239.86
369 6.62 942 401.33
370 4.57 999 455.13
371 1.95 182 82.85
372 4.66 999 634.62
373 5.23 999 565.96
374 7.01 430 252.08
375 6.17 999 441.83
376 7.69 999 664.94
377 5.99 91 45.66
378 3.61 999 420.10
379 1.98 999 579.99
380 5.33 999 527.48
381 8.16 999 270.30
382 8.18 991 298.52
383 5.31 485 199.70
384 6.66 999 102.96
385 3.61 327 86.24
386 6.69 464 162.72
387 6.57 999 560.77
388 6.17 999 439.45
389 6.77 999 473.41
390 5.67 999 421.37
391 6.48 999 470.96
392 16.32 179 126.76
393 5.60 792 441.48
394 7.10 999 652.87
395 5.24 843 585.29
396 2.93 212 189.72
397 6.18 999 845.40
398 7.09 384 257.69
399 1.90 484 333.35
400 5.09 999 584.16
401 8.58 999 514.52
402 3.63 753 500.50
403 7.63 729 364.44
404 1.85 129 86.06
405 7.66 999 724.59
406 4.36 999 487.34
407 8.49 571 253.43
408 5.83 999 473.72
409 6.93 999 572.10
410 6.11 999 473.65
411 5.89 999 499.54
412 5.55 278 110.09
413 6.43 999 618.98
414 8.30 651 305.60
415 8.40 999 561.83
416 9.25 999 500.01
417 5.43 999 366.03
418 5.47 779 442.93
419 7.95 999 573.80
420 5.14 999 702.84
421 5.58 999 697.03
422 8.12 999 778.80
423 11.35 999 495.23
424 6.78 999 370.97
425 5.66 886 613.14
426 6.95 999 640.00
427 12.48 999 414.92
428 9.56 530 32.95
429 8.98 999 491.85
430 13.79 380 74.15
431 7.05 722 304.98
432 7.81 745 565.12
433 6.61 999 616.05
434 4.94 523 389.10
435 2.69 20 2.37
436 5.07 115 80.89
437 6.37 999 476.87
438 4.97 315 123.57
439 8.15 999 667.25
440 9.67 999 495.00
441 8.87 999 571.05
442 4.88 999 456.13
443 8.67 999 335.17
444 7.13 564 358.52
445 7.65 999 487.19
446 8.47 833 382.90
447 16.39 53 28.35
448 4.89 999 365.07
449 8.94 663 441.45
450 6.75 999 461.12
451 7.63 999 428.55
452 7.18 999 347.42
453 9.75 999 493.98
454 6.73 266 8.21
455 5.99 915 500.58
456 5.62 999 502.40
457 9.56 999 572.21
458 10.37 999 790.40
459 6.44 999 681.33
460 7.45 999 390.10
461 4.05 999 346.89
462 5.17 908 200.73
463 6.59 999 487.02
464 6.78 999 359.06
465 5.93 999 672.00
466 5.21 473 190.13
467 2.31 69 60.14
468 2.10 47 50.40
469 4.63 999 357.45
470 5.11 999 452.43
471 6.53 999 453.07
472 2.14 204 113.64
473 4.79 172 21.92
474 1.95 26 5.79
475 5.60 999 541.68
476 7.36 999 376.44
477 5.52 999 -79.21
478 6.05 850 423.45
479 10.16 445 380.43
480 6.45 459 385.36
481 8.23 433 227.04
482 6.48 401 309.67
483 9.47 165 105.34
484 12.73 65 37.59
485 8.27 999 490.09
486 3.91 233 182.44
487 5.05 999 553.66
488 5.45 999 576.62
489 11.68 88 41.37
490 11.56 178 146.71
491 9.61 999 340.89
492 8.97 999 413.44
493 2.32 221 178.06
494 8.08 999 503.22
495 6.44 241 205.95
496 7.65 999 355.91
497 7.40 459 216.12
498 12.10 999 529.97
499 9.02 999 639.14
500 6.17 386 242.63
501 7.07 886 624.38
502 7.49 591 410.97
503 4.40 999 529.68
504 13.45 306 267.26
505 10.01 999 472.17
506 8.42 999 387.26
507 8.93 615 357.68
508 5.77 816 655.76
509 7.82 460 400.79
510 9.67 999 223.76
511 8.83 524 378.51
512 10.05 999 465.06
513 13.57 999 636.27
514 8.20 999 757.94
515 5.86 999 864.06
516 5.77 999 395.26
517 4.54 999 633.28
518 4.73 362 157.06
519 14.03 124 76.13
520 7.08 999 657.20
521 4.97 718 715.10
522 7.65 999 649.51
523 5.31 215 207.54
524 11.67 999 812.22
525 3.15 28 11.41
526 11.42 62 43.41
527 8.31 804 586.16
528 8.52 375 292.36
529 7.69 999 793.36
530 6.79 999 730.81
531 9.40 999 275.81
532 6.76 999 399.13
533 6.39 729 479.23
534 6.07 999 778.87
535 7.21 999 724.66
536 11.03 999 624.65
537 6.48 999 433.13
538 4.14 999 599.41
539 11.01 999 235.16
540 8.91 432 350.66
541 2.22 207 249.63
542 9.36 830 769.15
543 5.34 999 531.60
544 9.58 134 105.27
545 8.34 999 463.44
546 9.26 819 604.04
547 6.42 999 320.64
548 6.27 410 232.54
549 8.26 999 528.10
550 2.36 388 362.79
551 12.09 999 -393.47
552 11.08 473 136.24
553 9.20 64 49.78
554 10.34 91 99.84
555 10.15 344 234.83
556 5.60 245 251.01
557 10.10 999 864.69
558 6.06 370 320.62
559 8.43 760 416.26
560 10.80 999 576.68
561 13.38 999 226.17
562 11.70 999 396.57
563 10.18 999 127.50
564 10.49 708 612.01
565 7.43 836 588.15
566 8.31 761 393.73
567 7.11 916 675.47
568 12.73 999 414.74
569 9.18 999 608.01
570 10.69 999 729.09
571 4.25 999 405.05
572 11.85 257 86.12
573 9.10 999 554.85
574 8.16 999 357.71
575 9.72 999 503.68
576 13.43 51 43.49
577 11.82 479 389.31
578 20.04 45 14.04
579 6.93 158 94.97
580 11.39 943 714.29
581 8.28 999 751.00
582 3.12 61 18.01
583 11.72 999 719.06
584 7.65 999 637.48
585 13.97 999 214.52
586 11.73 999 286.41
587 7.95 999 173.06
588 10.23 99 82.39
589 29.11 32 19.14
590 7.33 999 488.21
591 9.95 999 467.11
592 3.58 32 8.38
593 10.57 999 415.73
594 7.27 999 380.92
595 9.33 624 481.11
596 9.77 999 699.83
597 7.94 429 290.12
598 5.09 999 245.16
599 5.70 243 247.31
600 14.15 304 233.10
601 3.00 12 -1.92
602 13.06 540 316.89
603 5.99 269 305.80
604 2.31 32 22.58
605 9.28 999 367.72
606 17.31 320 303.95
607 12.59 144 145.64
608 13.04 999 429.17
609 12.87 999 397.60
610 16.22 443 418.89
611 20.02 84 32.62
612 11.99 999 614.26
613 7.54 578 365.79
614 7.82 73 69.64
615 2.52 67 62.41
616 6.70 394 320.08
617 14.41 999 471.82
618 24.43 105 94.90
619 18.82 331 292.89
620 4.57 316 221.87
621 17.84 999 493.65
622 13.11 471 478.00
623 9.36 999 869.28
624 8.11 999 369.15
625 10.68 999 422.40
626 12.95 863 783.48
627 9.75 999 788.12
628 7.89 162 129.26
629 7.99 999 757.52
630 15.77 999 518.42
631 11.72 403 269.50
632 10.71 109 77.20
633 2.91 93 58.08
634 9.03 250 210.04
635 7.96 172 130.58
636 15.24 999 390.45
637 12.75 209 144.75
638 4.74 88 57.88
639 14.26 999 905.59
640 34.29 25 25.50
641 6.69 173 139.23
642 8.91 457 441.71
643 12.22 392 382.12
644 11.59 999 383.46
645 11.71 999 395.80
646 33.28 169 108.16
647 15.21 999 550.71
648 11.90 460 127.79
649 14.51 617 464.40
650 11.21 999 876.63
651 5.15 712 164.60
652 7.39 300 258.88
653 3.05 20 17.77
654 10.01 999 434.69
655 7.74 999 415.78
656 2.76 109 51.60
657 13.36 999 339.69
658 11.71 329 275.77
659 15.61 179 142.25
660 14.90 999 428.55
661 12.44 999 380.77
662 24.34 429 309.26
663 10.78 999 280.63
664 14.73 924 632.49
665 2.71 124 92.38
666 12.09 485 437.81
667 12.23 470 359.73
668 11.06 100 54.44
669 9.53 211 222.20
670 19.81 46 49.27
671 15.07 999 359.90
672 14.58 309 275.67
673 33.66 99 89.99
674 12.46 999 482.21
675 11.84 858 684.33
676 14.32 999 971.70
677 12.44 303 280.07
678 13.55 80 109.27
679 10.61 691 624.98
680 4.36 19 9.85
681 9.77 133 103.52
682 7.54 999 412.46
683 14.09 999 796.81
684 18.57 999 602.57
685 10.88 237 229.06
686 11.34 236 189.25
687 7.88 141 93.28
688 19.11 999 488.22
689 14.48 999 446.12
690 2.37 24 4.22
691 21.84 558 416.31
692 19.02 275 258.62
693 7.22 228 140.46
694 12.16 81 41.43
695 14.16 999 553.63
696 13.45 999 147.46
697 16.04 389 374.75
698 14.95 739 794.79
699 13.06 991 386.81
700 12.82 197 164.21
701 17.75 496 271.71
702 3.60 37 20.73
703 6.54 271 167.34
704 31.22 62 50.84
705 14.69 247 188.73
706 18.91 222 126.86
707 9.23 265 206.04
708 26.78 65 45.59
709 10.17 380 311.78
710 12.16 102 82.47
711 18.47 51 39.56
712 19.00 999 464.32
713 13.88 999 831.47
714 16.56 468 320.02
715 14.79 999 565.57
716 20.77 999 478.16
717 8.95 151 112.58
718 12.56 999 416.29
719 19.41 999 693.02
720 11.25 999 444.67
721 12.50 445 461.78
722 15.39 999 419.45
723 3.23 69 34.93
724 17.84 240 284.11
725 28.33 101 57.35
726 8.88 144 72.60
727 18.99 292 229.64
728 11.18 426 324.10
729 22.73 999 345.01
730 13.49 146 190.40
731 19.32 999 998.69
732 11.69 404 321.66
733 11.57 999 310.92
734 14.20 280 180.07
735 15.65 999 324.81
736 17.36 388 379.06
737 11.82 194 209.69
738 21.10 999 787.80
739 14.85 999 386.80
740 6.54 117 128.24
741 26.11 999 407.62
742 15.37 999 920.51
743 10.45 185 142.83
744 10.93 999 425.15
745 17.90 999 518.80
746 19.73 999 319.80
747 17.49 999 383.63
748 16.75 999 257.99
749 3.88 24 11.78
750 19.40 727 461.45
751 16.08 999 534.77
752 22.07 999 678.33
753 12.41 999 204.00
754 6.16 354 281.98
755 17.76 999 323.69
756 34.35 210 172.57
757 18.22 999 216.64
758 19.94 999 643.31
759 17.58 999 322.47
760 7.45 169 36.16
761 19.78 371 303.83
762 22.84 999 674.96
763 13.07 147 119.48
764 19.64 999 529.48
765 21.53 79 45.01
766 26.06 72 61.09
767 13.93 69 44.66
768 19.90 999 400.56
769 16.00 821 47.32
770 11.00 198 194.57
771 16.43 152 144.45
772 10.49 131 121.18
773 14.09 433 351.64
774 19.69 891 680.85
775 19.22 52 61.26
776 13.00 158 103.85
777 15.92 999 390.44
778 20.78 221 16.97
779 14.84 999 393.88
780 8.66 156 112.29
781 20.05 999 325.70
782 9.94 999 583.82
783 36.17 437 173.89
784 15.81 999 320.50
785 3.27 68 54.90
786 15.71 56 30.30
787 3.56 23 12.44
788 17.18 963 659.51
789 12.83 593 369.12
790 6.43 235 187.06
791 22.14 161 138.43
792 4.57 22 -9.88
793 10.02 999 453.40
794 49.87 58 42.31
795 52.65 22 13.26
796 17.46 999 320.28
797 12.52 401 204.76
798 19.36 52 42.22
799 10.56 125 29.20
800 22.92 999 488.80
801 14.11 999 324.78
802 18.03 999 303.00
803 18.96 999 239.13
804 14.31 999 476.58
805 14.69 458 441.30
806 10.62 492 416.87
807 15.35 515 575.96
808 18.42 55 28.57
809 16.59 47 28.92
810 15.64 60 84.52
811 15.21 754 61.25
812 2.90 37 21.67
813 15.01 768 767.38
814 12.39 424 454.37
815 15.83 999 580.38
816 22.85 999 542.92
817 12.65 333 199.64
818 63.51 28 18.94
819 14.66 112 121.01
820 21.59 999 570.65
821 12.69 747 579.32
822 14.19 999 364.63
823 22.54 999 252.79
824 19.62 999 181.80
825 21.53 999 673.39
826 16.80 999 285.61
827 16.73 999 385.86
828 14.50 999 400.72
829 11.85 290 219.82
830 12.05 243 245.45
831 16.62 469 391.54
832 15.62 999 561.43
833 40.44 63 59.85
834 14.75 999 801.16
835 19.30 999 50.71
836 14.07 387 311.13
837 13.96 308 209.99
838 23.17 331 239.31
839 21.28 999 361.48
840 17.00 999 242.86
841 11.38 582 293.28
842 25.84 214 145.64
843 10.27 125 131.97
844 19.04 379 228.65
845 19.19 731 500.54
846 25.69 127 95.79
847 13.92 227 117.23
848 22.59 372 232.30
849 25.70 290 189.43
850 23.37 999 556.29
851 24.47 999 380.15
852 17.38 999 750.11
853 19.02 999 429.82
854 13.33 999 440.26
855 16.82 999 137.91
856 9.62 135 83.17
857 13.19 629 461.43
858 12.27 436 533.60
859 11.50 316 270.72
860 18.07 999 540.71
861 9.59 508 396.98
862 10.36 117 125.80
863 21.35 999 807.33
864 11.00 999 751.41
865 7.98 224 74.42
866 20.91 381 229.31
867 17.80 999 397.26
868 19.45 999 141.27
869 13.82 609 174.63
870 3.47 89 83.43
871 20.75 999 1008.48
872 16.13 999 578.86
873 9.04 155 179.98
874 18.57 128 126.56
875 18.75 999 610.17
876 16.94 434 279.52
877 18.25 999 376.85
878 19.66 999 781.25
879 12.51 331 305.16
880 8.55 261 273.11
881 17.15 400 104.33
882 13.99 768 531.98
883 12.71 999 887.90
884 12.54 427 385.37
885 13.47 999 224.71
886 10.82 397 311.47
887 8.89 333 322.49
888 17.41 999 2.00
889 15.76 999 686.73
890 11.79 999 474.17
891 8.93 210 175.55
892 9.77 156 116.75
893 3.94 13 -1.07
894 23.97 351 163.50
895 14.82 999 604.90
896 16.11 769 634.49
897 15.25 999 868.01
898 11.18 532 390.92
899 14.47 999 820.95
900 16.50 999 696.10
901 39.75 159 106.87
902 15.27 168 136.09
903 3.62 12 -4.44
904 11.77 999 955.02
905 3.73 140 141.03
906 11.85 999 749.06
907 17.86 409 292.80
908 18.92 112 87.48
909 19.62 999 264.54
910 19.43 688 733.25
911 17.37 999 1193.03
912 3.23 19 10.94
913 15.67 999 868.81
914 10.54 117 95.87
915 11.30 217 231.00
916 9.62 41 51.93
917 21.44 999 638.29
918 16.50 446 442.77
919 26.83 768 811.99
920 18.27 999 396.97
921 23.29 999 360.30
922 14.36 144 100.93
923 14.13 472 236.63
924 10.35 999 992.57
925 17.81 999 601.42
926 14.16 999 979.03
927 14.39 237 241.21
928 16.82 999 505.68
929 12.37 999 848.67
930 59.36 15 11.16
931 13.20 999 910.57
932 22.13 352 329.14
933 15.94 999 409.89
934 10.09 999 1104.23
935 9.34 999 1039.88
936 15.59 999 651.27
937 13.97 999 188.69
938 23.53 126 91.78
939 16.67 419 373.81
940 3.95 56 16.40
941 12.56 530 447.31
942 11.42 999 666.20
943 11.92 793 392.96
944 10.22 130 115.65
945 18.37 161 158.02
946 2.66 17 9.05
947 8.14 160 206.42
948 13.25 350 295.38
949 23.28 999 760.80
950 21.72 196 122.74
951 21.52 999 513.24
952 17.44 999 634.79
953 14.74 437 477.65
954 20.21 999 470.49
955 12.54 191 222.20
956 13.63 999 596.47
957 23.76 410 433.34
958 3.61 17 11.10
959 17.05 95 81.42
960 3.17 38 14.92
961 16.39 999 637.39
962 16.28 999 490.26
963 7.81 216 154.62
964 14.17 292 315.96
965 13.48 999 582.53
966 14.65 675 221.89
967 15.59 394 338.57
968 3.44 140 109.54
969 14.19 412 270.27
970 16.29 999 336.29
971 12.92 999 636.37
972 3.62 66 39.17
973 4.10 37 20.32
974 3.90 41 46.28
975 25.76 68 62.54
976 111.73 17 2.59
977 15.45 999 860.57
978 16.75 999 440.64
979 23.34 48 55.86
980 8.04 483 573.74
981 20.09 999 564.67
982 17.62 616 298.52
983 34.41 30 38.39
984 40.26 45 50.38
985 17.36 999 769.61
986 11.44 248 207.49
987 6.70 284 315.84
988 17.60 999 993.20
989 14.92 903 717.19
990 22.80 497 309.94
991 39.98 25 19.43
992 9.51 502 365.16
993 30.13 106 37.22
994 3.44 39 33.03
995 3.46 91 72.89
996 17.27 999 -576.63
997 18.79 999 876.02
998 3.54 84 77.92
999 13.33 96 65.68
1000 3.34 43 34.69
1001 20.08 999 317.16
1002 25.72 672 516.11
1003 7.62 581 472.39
1004 15.08 497 551.43
1005 16.02 119 144.09
1006 14.36 255 309.99
1007 20.13 642 572.58
1008 3.29 149 142.52
1009 12.82 999 504.07
1010 3.58 55 48.65
1011 16.97 999 599.56
1012 15.55 168 168.22
1013 3.24 33 31.87
1014 13.96 999 684.86
1015 22.03 409 240.76
1016 20.50 695 658.50
1017 10.08 999 424.31
1018 14.60 999 541.90
1019 19.11 128 20.62
1020 35.81 118 131.18
1021 26.48 99 61.63
1022 17.30 253 225.73
1023 24.32 174 172.92
1024 21.33 285 164.77
1025 11.29 999 499.09
1026 13.96 583 147.46
1027 16.60 536 604.83
1028 5.75 343 218.70
1029 19.44 999 409.74
1030 13.64 65 56.53
1031 12.53 96 108.59
1032 13.64 764 558.77
1033 20.30 604 93.73
1034 24.89 999 538.21
1035 19.11 999 713.71
1036 18.02 999 778.27
1037 14.42 313 260.04
1038 3.88 32 10.53
1039 22.88 710 540.18
1040 20.03 540 509.49
1041 13.42 999 155.29
1042 7.26 188 92.18
1043 10.15 346 118.42
1044 14.32 999 525.16
1045 11.74 617 284.04
1046 4.53 23 4.00
1047 3.94 11 -3.15
1048 16.45 628 551.88
1049 11.24 48 17.14
1050 27.06 59 0.01
1051 24.34 999 302.92
1052 19.17 43 25.71
1053 23.69 143 142.90
1054 12.42 996 887.98
1055 22.35 421 268.68
1056 14.10 171 154.70
1057 20.46 999 679.47
1058 15.36 434 224.25
1059 7.49 267 266.72
1060 27.27 999 -135.44
1061 25.36 999 529.14
1062 20.73 999 700.84
1063 19.02 999 581.80
1064 19.43 999 545.20
1065 17.36 999 407.00
1066 22.02 818 631.44
1067 30.30 69 70.12
1068 18.84 124 138.95
1069 18.72 999 522.47
1070 19.77 999 300.08
1071 25.42 276 217.16
1072 23.51 999 780.92
1073 30.69 300 151.97
1074 20.77 999 927.42
1075 21.59 999 1093.83
1076 22.38 999 995.77
1077 11.18 999 365.65
1078 14.61 999 905.55
1079 14.67 999 284.71
1080 23.79 999 603.99
1081 18.82 999 852.12
1082 18.40 999 984.75
1083 12.66 999 502.13
1084 14.64 999 749.22
1085 17.10 478 494.36
1086 17.43 717 823.85
1087 15.80 999 1053.10
1088 4.61 70 77.09
1089 15.62 999 871.31
1090 24.14 340 279.00
1091 16.43 999 820.72
1092 21.73 999 530.98
1093 18.98 999 579.50
1094 16.40 999 664.37
1095 18.33 999 530.16
1096 15.19 361 300.64
1097 26.19 999 256.83
1098 24.75 999 1082.51
1099 13.95 717 734.67
1100 3.78 111 100.63
1101 26.02 999 560.66
1102 19.92 999 947.20
1103 14.43 999 1028.44
1104 14.17 999 1017.03
1105 19.08 999 620.01
1106 18.93 999 753.16
1107 50.74 35 34.65
1108 3.84 77 52.63
1109 30.27 123 105.45
1110 17.98 999 587.88
1111 10.85 999 834.07
1112 15.16 628 471.33
1113 15.12 365 426.27
1114 13.67 999 400.32
1115 15.92 991 812.66
1116 20.82 999 -183.34
1117 20.30 999 462.60
1118 9.57 388 294.37
1119 23.06 999 340.03
1120 19.17 999 960.59
1121 20.16 999 930.02
1122 19.05 188 17.26
1123 31.05 127 143.15
1124 4.06 17 5.42
1125 3.08 38 21.20
1126 3.96 31 24.49
1127 22.82 73 73.78
1128 26.34 391 267.89
1129 15.11 873 873.11
1130 14.40 605 464.21
1131 14.60 999 1042.22
1132 15.86 999 845.95
1133 19.74 999 1072.23
1134 15.86 999 1175.60
1135 14.46 457 371.44
1136 11.83 999 508.24
1137 14.32 999 1287.72
1138 13.86 999 1004.03
1139 19.81 509 666.07
1140 14.41 999 513.69
1141 17.34 999 1053.82
1142 16.60 999 835.51
1143 13.34 999 1010.62
1144 18.89 830 757.92
1145 13.59 999 898.04
1146 16.94 999 628.75
1147 15.38 999 976.13
1148 16.30 999 271.93
1149 12.81 999 515.92
1150 14.25 999 -109.81
1151 10.54 999 1014.11
1152 15.18 870 969.59
1153 10.69 999 475.13
1154 9.27 582 545.11
1155 15.39 841 698.20
1156 13.95 999 639.18
1157 9.36 999 1038.06
1158 11.54 999 873.67
1159 19.16 999 237.16
1160 14.26 999 747.89
1161 7.69 524 610.47
1162 4.74 58 64.40
1163 12.24 724 645.50
1164 18.31 161 51.93
1165 12.72 999 611.09
1166 13.66 999 531.41
1167 15.30 999 375.61
1168 19.01 914 939.85
1169 21.90 999 880.03
1170 17.03 999 319.38
1171 8.34 999 507.67
1172 17.25 999 392.57
1173 13.34 999 1027.15
1174 11.22 563 668.57
1175 16.25 668 623.16
1176 13.36 375 366.55
1177 5.63 278 394.30
1178 10.66 317 348.79
1179 5.07 29 23.51
1180 13.48 138 131.44
1181 5.93 10 0.49
1182 4.10 215 183.26
1183 9.87 999 483.96
1184 11.40 180 176.10
1185 11.00 169 202.97
1186 14.70 999 683.90
1187 10.27 999 855.99
1188 26.82 51 49.02
1189 14.85 999 522.80
1190 20.42 74 69.97
1191 8.07 999 990.81
1192 17.62 199 191.85
1193 14.40 373 121.31
1194 22.16 158 128.70
1195 11.57 116 150.23
1196 14.97 999 496.64
1197 18.43 152 56.70
1198 7.26 999 362.65
1199 11.94 999 -570.19
1200 12.95 768 563.88
1201 4.27 25 39.98
1202 11.52 999 -27.68
1203 13.08 146 78.78
1204 5.22 22 10.06
1205 14.27 999 563.33
1206 15.07 999 558.22
1207 16.57 999 762.03
1208 12.82 142 133.58
1209 13.85 349 360.37
1210 4.84 35 40.74
1211 52.46 105 65.94
1212 7.24 277 303.12
1213 13.32 42 46.98
1214 38.50 31 15.08
1215 9.60 730 727.80
1216 11.40 999 696.38
1217 12.34 999 756.21
1218 14.45 999 674.91
1219 12.43 814 646.14
1220 8.94 546 451.76
1221 12.30 171 206.56
1222 8.09 319 264.33
1223 22.06 999 811.50
1224 18.07 999 492.51
1225 17.30 194 178.50
1226 16.29 999 881.35
1227 21.21 764 703.49
1228 12.89 130 140.05
1229 23.06 124 97.25
1230 27.55 94 61.71
1231 18.04 999 460.78
1232 15.56 999 574.61
1233 11.38 656 468.14
1234 16.88 999 1090.25
1235 13.22 122 133.22
1236 16.21 999 869.15
1237 4.17 19 6.75
1238 24.57 312 320.64
1239 19.97 289 393.11
1240 16.61 999 961.02
1241 12.31 999 721.55
1242 11.72 999 1216.57
1243 18.84 593 614.13
1244 16.99 999 527.68
1245 16.54 999 208.54
1246 13.92 999 952.91
1247 14.13 999 877.56
1248 17.58 585 692.35
1249 63.67 37 27.77
1250 16.38 999 958.13
1251 15.06 108 34.44
1252 11.40 999 633.14
1253 4.76 236 198.11
1254 17.25 999 1010.84
1255 7.83 307 318.07
1256 21.88 999 573.75
1257 18.74 999 741.76
1258 13.69 132 105.83
1259 20.81 999 432.83
1260 13.45 619 514.75
1261 20.73 241 251.04
1262 24.49 569 667.87
1263 20.01 944 1078.11
1264 14.20 999 1056.52
1265 18.34 688 194.42
1266 14.79 999 916.65
1267 14.10 999 706.54
1268 16.27 999 268.85
1269 7.39 999 574.01
1270 8.62 417 422.16
1271 11.69 252 315.36
1272 20.75 999 923.86
1273 19.30 188 153.71
1274 16.80 999 463.97
1275 8.59 275 294.51
1276 13.01 999 983.44
1277 16.72 999 605.34
1278 3.86 25 11.26
1279 16.62 295 349.20
1280 18.77 999 1135.95
1281 26.40 999 773.36
1282 15.58 999 528.90
1283 11.53 630 697.65
1284 16.85 205 174.05
1285 4.18 53 22.58
1286 15.80 105 102.48
1287 21.71 345 338.26
1288 16.51 999 732.96
1289 19.14 402 89.57
1290 24.24 999 -1394.50
1291 61.93 999 -2401.48
1292 404.94 999 -2504.98
