0 0.36 8 6.34
1 0.53 7 4.08
2 0.70 5 3.68
3 0.75 5 3.47
4 0.71 6 4.31
5 0.49 5 3.52
6 0.27 6 3.95
7 0.37 5 3.25
8 0.29 5 3.83
9 0.28 5 3.26
10 0.24 5 3.34
11 0.20 6 3.88
12 0.22 5 3.15
13 0.17 5 3.36
14 0.16 6 3.67
15 0.10 5 3.30
16 0.06 5 3.23
17 0.05 5 3.22
18 0.04 5 3.48
19 0.03 5 3.56
20 0.03 6 3.62
21 0.03 5 3.65
22 0.02 6 3.89
23 0.03 5 3.66
24 0.02 6 3.99
25 0.02 6 3.86
26 0.02 6 4.44
27 0.03 5 3.20
28 0.03 6 3.75
29 0.03 5 3.66
30 0.02 5 3.14
31 0.02 5 3.26
32 0.02 5 3.51
33 0.02 5 3.49
34 0.02 5 3.56
35 0.02 7 4.72
36 0.01 5 3.44
37 0.02 6 3.68
38 0.01 6 3.60
39 0.01 5 3.39
40 0.01 5 3.59
41 0.01 6 3.69
42 0.01 6 4.62
43 0.02 6 5.15
44 0.32 6 5.77
45 0.23 6 5.80
46 0.30 6 5.92
47 0.45 6 5.88
48 0.38 7 6.92
49 0.49 6 5.63
50 0.29 7 6.91
51 0.19 6 5.72
52 0.20 6 5.89
53 0.19 6 5.90
54 0.14 6 5.69
55 0.13 7 7.15
56 0.09 7 6.49
57 0.09 6 5.57
58 0.05 8 8.29
59 0.04 6 5.98
60 0.05 6 5.88
61 0.03 7 7.20
62 0.03 7 7.00
63 0.03 6 6.00
64 0.04 7 6.94
65 0.03 6 5.77
66 0.03 6 5.90
67 0.03 6 5.73
68 0.05 7 6.96
69 0.03 7 7.15
70 0.03 8 8.66
71 0.05 8 8.16
72 0.05 6 5.90
73 0.04 7 6.95
74 0.03 7 6.92
75 0.02 7 7.08
76 0.02 7 7.15
77 0.02 7 6.80
78 0.02 6 5.86
79 0.02 7 7.01
80 0.01 6 5.87
81 0.03 7 6.98
82 0.03 7 7.05
83 0.03 7 7.28
84 0.02 6 5.74
85 0.93 21 38.59
86 3.60 23 41.37
87 3.62 22 39.82
88 4.49 23 42.04
89 10.70 22 40.23
90 12.67 22 39.92
91 11.30 22 39.77
92 11.69 22 40.36
93 13.20 21 38.75
94 15.20 23 41.20
95 11.00 22 39.77
96 16.30 23 41.29
97 11.49 22 39.55
98 11.95 21 38.90
99 12.70 21 38.60
100 9.71 21 38.93
101 5.51 23 42.09
102 6.09 22 39.77
103 4.17 23 41.38
104 4.67 23 41.58
105 4.34 23 41.63
106 4.33 23 41.68
107 3.13 23 41.61
108 3.06 21 38.56
109 2.79 22 40.07
110 2.66 21 38.48
111 2.40 22 40.25
112 2.49 22 40.27
113 2.64 22 40.36
114 1.62 23 41.52
115 1.24 23 41.27
116 1.62 22 39.96
117 1.47 22 39.82
118 0.85 23 41.70
119 0.89 23 41.35
120 1.30 23 42.01
121 0.78 23 41.32
122 0.70 21 38.91
123 1.05 22 39.98
124 0.62 24 42.62
125 0.54 22 39.93
126 0.56 23 41.58
127 0.66 22 40.31
128 0.47 21 38.75
129 0.73 22 40.32
130 0.55 22 40.10
131 0.48 23 41.33
132 0.55 21 38.40
133 0.60 22 40.44
134 0.52 23 41.39
135 0.36 22 40.34
136 0.38 22 40.37
137 0.38 22 39.93
138 3.10 80 154.31
139 4.95 56 100.09
140 6.09 53 94.91
141 10.47 54 96.03
142 12.00 55 98.38
143 12.80 56 100.23
144 13.93 54 96.66
145 11.18 47 84.40
146 10.81 45 79.71
147 13.67 41 71.52
148 13.04 34 59.89
149 25.79 30 52.38
150 32.53 29 49.84
151 46.24 28 48.83
152 63.88 38 67.97
153 69.67 40 71.02
154 76.52 84 162.46
155 128.17 63 113.07
156 173.14 86 166.37
157 253.12 48 85.50
158 343.90 48 85.89
159 415.42 84 163.14
160 522.94 85 165.76
161 503.77 40 70.91
162 604.51 21 35.00
163 747.47 36 63.47
164 712.18 33 57.34
165 819.89 56 99.94
166 889.40 32 55.42
167 759.35 33 56.73
168 738.93 29 50.43
169 827.11 34 59.04
170 706.49 37 65.01
171 582.14 44 77.92
172 572.33 31 54.04
173 408.33 86 168.70
174 248.83 87 171.26
175 123.70 83 169.40
176 90.17 85 167.55
177 66.92 74 137.26
178 73.77 18 -0.93
179 178.22 18 -0.78
180 142.33 17 -1.20
181 590.56 17 -0.45
182 282.13 19 -0.53
183 3739.65 17 -1.17
184 2647.85 18 -1.14
185 3278.53 19 -0.19
186 4499.29 18 -0.80
187 3803.81 19 0.01
188 5203.62 19 -0.71
189 3935.07 18 -0.11
190 3684.39 18 -0.84
191 4828.33 19 -0.30
192 4737.69 18 -0.23
193 3845.39 17 -0.64
194 5768.13 17 -0.12
195 6579.86 18 -0.89
196 5898.32 18 -0.50
197 5332.61 17 -0.88
198 8004.10 17 -0.21
199 7969.94 18 0.69
200 9135.26 19 -0.21
201 11551.34 17 -0.59
202 8119.02 18 -1.11
203 7546.79 18 -1.05
204 7352.47 17 -0.68
205 5194.86 18 -0.62
206 5346.15 18 -0.84
207 4135.26 18 -0.67
208 3580.58 17 -0.60
209 3216.49 18 -0.82
210 1870.22 18 0.29
211 1570.61 17 -0.77
212 1176.31 18 -0.17
213 993.30 18 -1.34
214 858.57 18 -0.31
215 846.06 17 -0.62
216 856.58 18 -0.18
217 716.98 17 -0.55
218 729.03 16 -0.66
219 846.04 17 -0.23
220 839.98 17 -0.34
221 634.33 18 -0.67
222 374.55 16 -0.64
223 291.12 17 -0.67
224 244.71 18 -0.30
225 150.58 18 -0.66
226 107.29 18 -0.86
227 91.27 17 -0.27
228 98.50 18 -0.84
229 58.13 17 -0.71
230 50.18 18 -0.87
231 62.68 16 -0.31
232 81.22 11 1.40
233 87.18 8 0.61
234 90.13 9 0.37
235 79.04 8 0.99
236 85.16 8 0.42
237 62.29 8 0.84
238 82.78 9 1.00
239 125.71 9 3.60
240 142.56 9 5.05
241 175.49 10 7.00
242 179.76 9 5.45
243 211.38 10 5.49
244 396.95 10 4.61
245 236.13 9 2.71
246 307.07 10 2.84
247 259.91 8 2.55
248 209.95 10 1.36
249 127.15 8 2.43
250 205.47 10 1.92
251 99.44 9 1.43
252 103.66 9 0.95
253 122.89 9 1.62
254 46.31 9 1.41
255 53.12 9 0.89
256 62.35 9 3.09
257 54.34 9 1.77
258 77.92 9 1.95
259 43.42 8 2.27
260 44.57 9 2.03
261 34.66 8 2.20
262 29.02 8 2.61
263 39.08 9 1.70
264 51.95 9 1.55
265 41.90 9 1.74
266 53.87 9 1.79
267 46.45 9 1.96
268 45.00 9 2.20
269 39.28 9 2.01
270 42.67 11 1.99
271 60.29 43 77.14
272 74.68 33 59.75
273 91.59 27 50.87
274 104.62 37 70.11
275 111.77 40 74.98
276 202.60 85 179.62
277 281.38 86 167.85
278 276.31 85 172.18
279 177.55 85 172.47
280 127.00 83 171.87
281 105.80 85 173.12
282 123.15 86 167.57
283 94.78 84 164.31
284 75.86 85 172.23
285 63.36 85 173.53
286 44.20 66 121.35
287 83.52 115 253.98
288 103.02 299 403.83
289 155.53 90 174.47
290 132.82 131 299.98
291 136.85 137 264.46
292 121.27 218 189.28
293 247.98 250 341.33
294 163.94 113 228.94
295 177.77 100 205.46
296 267.77 128 303.57
297 232.16 148 159.20
298 338.85 114 228.72
299 434.89 43 77.37
300 493.85 59 104.39
301 637.38 226 153.88
302 646.34 53 69.09
303 648.64 111 164.83
304 526.03 121 229.43
305 565.98 164 405.67
306 566.32 140 284.86
307 487.80 159 397.19
308 657.75 150 424.36
309 507.18 148 365.84
310 350.43 211 454.78
311 480.95 182 442.02
312 252.40 127 289.33
313 538.84 38 8.63
314 444.43 330 635.08
315 335.11 109 247.08
316 304.76 104 198.15
317 447.24 127 298.07
318 419.30 143 353.44
319 325.80 169 304.36
320 388.97 236 217.75
321 333.60 39 9.17
322 626.90 148 21.77
323 400.52 119 193.39
324 668.64 175 346.24
325 478.23 80 50.91
326 640.57 134 160.83
327 565.91 126 303.78
328 551.24 85 57.30
329 350.63 71 39.77
330 486.64 57 63.88
331 495.52 91 175.25
332 523.19 86 178.34
333 552.44 126 277.14
334 517.58 119 271.16
335 511.73 123 248.41
336 431.85 153 293.85
337 405.27 106 203.57
338 365.86 133 296.54
339 428.33 129 288.12
340 351.80 148 307.00
341 281.41 127 272.21
342 251.70 186 450.02
343 267.42 143 330.91
344 157.52 132 284.29
345 110.48 371 541.68
346 44.42 178 333.20
347 48.66 124 263.83
348 36.46 158 287.28
349 37.02 49 18.96
350 100.06 43 12.84
351 121.40 42 13.13
352 120.00 228 173.79
353 198.71 157 285.22
354 181.94 284 356.75
355 166.69 167 262.19
356 166.34 122 261.33
357 133.81 167 380.61
358 141.25 150 352.68
359 152.06 148 323.78
360 161.77 138 322.13
361 155.65 146 318.15
362 113.50 162 371.69
363 90.19 126 268.01
364 97.12 58 104.19
365 81.49 116 240.98
366 72.64 136 316.18
367 39.50 146 348.05
368 27.17 122 270.50
369 20.38 127 274.08
370 16.00 142 64.34
371 28.46 100 99.94
372 82.02 141 186.17
373 78.00 120 254.41
374 85.08 30 47.24
375 169.21 107 240.02
376 139.71 39 42.94
377 160.55 108 242.23
378 208.88 68 133.18
379 221.08 27 49.22
380 270.94 106 230.96
381 169.17 114 242.04
382 206.41 132 254.44
383 183.86 322 750.98
384 233.76 331 510.92
385 215.54 299 483.44
386 155.28 111 128.79
387 214.50 244 412.03
388 109.55 533 696.40
389 82.66 32 55.64
390 8.35 24 42.83
391 92.94 29 51.97
392 259.60 27 47.87
393 246.35 341 535.39
394 155.85 260 420.30
395 150.34 162 444.60
396 209.68 142 313.59
397 216.83 66 126.48
398 140.77 42 70.54
399 184.59 153 344.73
400 175.69 144 350.25
401 247.73 141 267.27
402 267.82 128 281.87
403 265.40 109 230.55
404 223.85 97 206.25
405 254.98 214 391.01
406 125.98 37 48.16
407 67.48 38 33.98
408 164.76 814 788.97
409 166.21 37 49.84
410 150.39 38 18.86
411 150.39 19 -0.54
412 339.57 26 4.28
413 200.92 284 374.45
414 129.84 75 144.04
415 265.05 42 12.31
416 249.99 285 307.85
417 326.32 355 457.91
418 268.15 121 259.90
419 284.74 167 290.58
420 201.15 137 287.41
421 163.35 82 81.87
422 157.51 51 58.53
423 269.98 26 32.16
424 85.57 15 16.29
425 215.02 23 29.72
426 404.88 26 34.65
427 400.30 96 192.37
428 457.53 128 270.22
429 343.55 159 254.11
430 232.25 124 295.42
431 138.80 35 32.61
432 216.73 161 103.46
433 269.66 362 392.89
434 305.35 190 373.55
435 290.92 102 197.35
436 421.30 81 116.68
437 561.34 87 54.60
438 669.14 32 16.81
439 1099.53 22 12.52
440 673.38 43 30.52
441 532.62 107 137.91
442 802.57 182 272.49
443 385.61 41 56.03
444 904.18 282 487.38
445 734.42 95 153.10
446 1232.82 27 48.76
447 1327.14 194 481.36
448 1349.43 147 298.70
449 2156.36 23 16.67
450 3773.26 11 3.84
451 1507.16 12 3.20
452 3044.62 18 -1.59
453 2164.42 18 -1.15
454 3169.37 17 -1.02
455 2645.77 17 -0.55
456 3153.20 35 10.04
457 2575.53 146 214.75
458 2880.88 84 194.48
459 2720.97 89 152.48
460 2880.35 129 282.84
461 3949.43 74 120.30
462 3170.47 233 456.14
463 1867.14 156 381.06
464 1625.99 126 261.75
465 1401.80 329 482.22
466 1148.81 382 591.81
467 624.81 215 430.69
468 678.45 139 330.72
469 124.22 1027 1184.12
470 45.53 258 439.34
471 37.63 474 651.56
472 20.61 99 195.09
473 48.10 131 277.27
474 83.25 386 286.22
475 231.28 451 603.15
476 209.68 30 44.36
477 709.63 27 36.63
478 564.87 43 39.05
479 766.58 257 240.33
480 756.98 43 37.43
481 1440.54 81 56.39
482 1502.09 107 135.88
483 1811.18 271 343.99
484 3461.08 91 168.00
485 2706.61 117 219.03
486 3291.70 15 19.84
487 2526.39 69 105.85
488 1891.36 203 361.22
489 1505.46 296 539.27
490 1457.80 133 280.33
491 1589.15 93 170.36
492 1437.97 243 449.03
493 944.86 439 842.49
494 659.31 209 307.31
495 854.05 110 233.50
496 616.44 119 257.01
497 701.72 24 39.93
498 834.10 115 122.49
499 551.33 131 255.51
500 668.74 75 138.22
501 686.76 115 229.17
502 514.89 99 35.91
503 605.00 93 40.84
504 754.17 330 418.59
505 609.11 176 338.96
506 528.21 166 302.87
507 554.94 218 314.62
508 450.31 131 283.78
509 390.67 124 251.36
510 465.10 141 238.56
511 392.72 142 249.19
512 618.23 46 32.07
513 557.64 138 190.80
514 368.28 105 192.56
515 333.75 346 554.32
516 279.77 218 501.90
517 531.05 127 282.59
518 374.58 192 488.56
519 456.43 169 420.11
520 457.36 36 67.08
521 565.34 36 66.47
522 525.93 111 226.98
523 663.12 447 833.39
524 645.75 113 234.67
525 793.41 71 87.38
526 600.82 702 877.05
527 511.55 128 280.69
528 500.81 125 268.00
529 416.32 117 242.26
530 234.01 123 263.56
531 464.25 72 128.05
532 761.10 20 1.16
533 1223.55 18 -1.23
534 307.04 18 -1.34
535 555.50 17 -0.78
536 442.55 18 -1.32
537 894.00 17 -0.33
538 290.67 17 -0.77
539 464.60 18 -0.85
540 212.45 19 0.22
541 309.68 99 210.07
542 348.85 150 349.30
543 266.63 137 320.20
544 248.50 439 542.95
545 339.53 59 106.41
546 476.86 82 162.40
547 196.47 37 66.70
548 348.35 76 127.13
549 402.80 122 253.60
550 488.34 37 67.96
551 499.26 52 98.02
552 394.12 53 100.19
553 779.23 45 83.23
554 767.43 106 224.87
555 754.85 56 94.95
556 851.05 33 51.55
557 780.49 34 53.20
558 812.41 111 213.90
559 709.24 110 247.53
560 787.09 137 312.96
561 619.43 361 432.61
562 694.29 215 358.16
563 921.96 172 306.47
564 656.38 114 237.47
565 646.87 133 274.98
566 612.73 134 281.34
567 490.94 132 290.57
568 395.31 55 99.35
569 360.10 124 265.73
570 335.57 120 284.88
571 218.65 154 312.69
572 179.82 36 63.17
573 307.67 140 312.85
574 258.05 147 359.89
575 241.61 360 743.03
576 262.96 117 243.05
577 263.51 12 16.63
578 257.47 308 392.37
579 371.46 160 353.29
580 351.71 68 40.66
581 459.14 175 304.69
582 370.67 115 253.08
583 350.82 130 276.52
584 248.28 88 163.56
585 177.87 113 259.95
586 243.90 121 266.81
587 235.79 122 260.43
588 260.07 190 324.42
589 325.79 117 262.59
590 262.27 117 254.81
591 172.18 117 244.99
592 143.97 107 225.41
593 150.99 109 232.40
594 180.00 131 281.61
595 91.87 72 112.86
596 41.62 25 31.85
597 154.95 18 15.12
598 310.95 224 245.39
599 294.48 139 309.73
600 416.04 146 342.79
601 349.50 123 277.13
602 163.78 33 54.89
603 270.05 37 63.39
604 431.56 105 219.40
605 437.09 112 232.49
606 392.01 107 221.72
607 334.06 103 215.03
608 325.83 61 107.86
609 416.57 104 211.45
610 446.92 107 224.40
611 473.05 38 56.77
612 487.02 55 100.15
613 519.19 97 214.14
614 528.14 72 137.25
615 672.30 117 255.98
616 483.08 98 100.98
617 276.94 109 80.14
618 318.87 109 79.62
619 258.79 619 738.40
620 194.63 101 192.40
621 173.09 119 253.54
622 286.75 68 130.62
623 334.93 144 333.22
624 303.13 116 242.65
625 225.05 109 233.97
626 278.12 121 253.54
627 315.55 100 183.29
628 301.51 106 226.41
629 289.13 132 255.60
630 223.94 141 239.00
631 92.52 386 544.65
632 44.46 206 232.31
633 115.55 108 205.44
634 216.91 107 231.80
635 183.89 107 255.26
636 89.62 127 216.29
637 96.02 109 211.60
638 113.02 106 204.65
639 70.49 92 76.04
640 157.15 461 586.09
641 121.32 124 269.32
642 113.77 137 288.40
643 131.44 124 263.99
644 104.52 112 242.38
645 104.05 122 262.12
646 96.74 130 269.70
647 111.92 96 177.22
648 222.79 173 228.01
649 71.85 14 20.75
650 221.05 126 277.27
651 258.63 133 286.77
652 285.89 102 64.99
653 309.45 113 186.03
654 456.93 34 61.77
655 433.42 30 42.40
656 538.82 19 23.33
657 292.28 22 28.76
658 424.01 47 83.51
659 346.78 486 604.02
660 199.94 132 271.46
661 227.30 107 227.35
662 271.02 133 263.69
663 171.76 86 167.45
664 279.05 203 493.17
665 250.24 68 66.23
666 312.67 55 44.47
667 313.51 161 224.28
668 236.99 141 336.01
669 348.03 180 347.50
670 286.07 151 384.68
671 168.30 140 306.05
672 134.97 120 282.44
673 238.28 114 242.96
674 201.27 135 322.38
675 88.64 118 251.31
676 139.03 119 256.94
677 175.27 367 493.24
678 141.85 27 42.96
679 201.70 122 272.81
680 227.66 126 225.18
681 59.56 24 3.19
682 232.20 31 6.40
683 180.25 48 23.76
684 220.00 173 297.27
685 266.67 122 279.15
686 219.22 118 226.38
687 235.48 105 209.30
688 108.13 132 280.81
689 173.77 129 271.80
690 240.64 109 229.95
691 159.25 136 291.33
692 194.83 168 319.47
693 123.33 118 235.51
694 202.40 121 259.03
695 129.30 118 236.40
696 106.01 104 231.55
697 86.34 60 76.49
698 169.82 211 406.87
699 71.13 341 306.36
700 87.87 95 89.96
701 126.23 112 132.47
702 220.64 106 247.86
703 130.28 16 24.49
704 278.32 130 262.41
705 289.86 63 109.38
706 652.00 36 43.89
707 309.32 191 396.90
708 346.60 212 393.56
709 340.61 398 495.35
710 408.99 74 140.78
711 377.05 98 187.75
712 423.81 186 364.74
713 320.95 437 559.95
714 501.13 192 293.89
715 934.55 15 13.95
716 683.04 10 7.42
717 1297.49 11 9.02
718 607.38 9 6.31
719 970.85 9 6.27
720 829.85 10 6.43
721 635.51 9 6.26
722 340.94 10 6.59
723 784.93 10 7.49
724 696.22 12 10.91
725 350.15 89 181.54
726 158.70 34 54.24
727 281.94 35 13.19
728 185.52 22 1.56
729 215.89 330 455.42
730 292.89 99 180.78
731 331.85 98 179.84
732 236.65 98 196.16
733 272.21 90 177.36
734 317.60 93 184.40
735 182.26 113 229.79
736 114.15 113 219.69
737 132.65 117 226.63
738 146.60 103 203.24
739 117.65 121 203.03
740 148.94 203 253.57
741 136.60 71 106.00
742 131.69 68 94.63
743 104.17 95 166.51
744 75.01 108 207.50
745 64.45 102 186.56
746 40.92 88 165.43
747 27.43 1341 1396.40
748 293.60 47 47.15
749 672.15 23 20.97
750 761.81 31 41.89
751 1177.88 35 49.78
752 480.37 113 248.86
753 757.00 88 165.44
754 191.76 15 22.06
755 1339.79 16 23.99
756 1680.42 20 31.98
757 1813.39 22 35.86
758 1417.61 114 234.29
759 1804.97 87 163.46
760 1799.32 153 206.17
761 1882.72 80 150.67
762 1766.75 42 77.58
763 2450.97 120 263.12
764 1595.67 106 226.33
765 1667.80 80 162.31
766 1203.51 93 184.66
767 1728.10 36 62.10
768 1474.96 94 184.89
769 1368.25 85 162.87
770 913.28 122 263.17
771 1006.45 131 295.09
772 865.33 86 166.63
773 733.28 461 622.78
774 520.28 224 360.95
775 281.60 161 331.46
776 248.40 180 335.74
777 149.77 195 344.52
778 80.37 199 344.08
779 49.03 183 320.35
780 22.97 217 375.48
781 14.13 138 172.90
782 21.48 126 167.78
783 79.73 264 324.47
784 111.87 138 259.60
785 94.29 326 519.57
786 55.38 157 206.34
787 178.67 226 405.65
788 237.37 221 328.34
789 241.85 27 49.33
790 184.28 51 94.98
791 380.25 112 239.71
792 261.60 327 517.61
793 273.29 163 321.44
794 202.30 119 237.62
795 135.98 114 232.57
796 179.49 219 373.89
797 118.30 280 418.73
798 125.93 232 389.16
799 142.69 105 212.41
800 103.99 109 231.29
801 129.69 267 325.29
802 118.57 114 249.68
803 131.71 91 158.21
804 162.26 103 208.94
805 291.14 299 506.20
806 375.36 137 285.59
807 258.16 146 303.45
808 421.86 209 374.44
809 820.62 12 7.91
810 368.46 14 8.88
811 629.77 18 12.40
812 791.73 65 72.96
813 897.41 20 10.74
814 837.10 25 13.98
815 1289.19 60 46.99
816 1117.60 111 83.99
817 1568.34 52 81.66
818 1274.00 26 45.75
819 855.79 21 38.79
820 1045.68 23 41.85
821 1111.30 22 40.07
822 2117.02 21 38.47
823 2054.85 23 41.76
824 1832.34 127 273.61
825 1399.84 281 253.81
826 1664.96 36 9.36
827 891.98 31 5.57
828 1419.46 25 3.69
829 1768.21 20 -0.34
830 3010.65 18 -0.88
831 1519.95 18 -1.21
832 4016.88 18 -1.27
833 3364.19 17 -0.90
834 3120.35 17 -1.01
835 5356.00 13 2.02
836 3197.15 33 9.39
837 4799.67 134 270.97
838 6420.11 112 232.36
839 10407.88 127 271.72
840 11556.53 409 477.33
841 11116.60 17 19.13
842 10293.42 20 24.76
843 11960.30 19 23.33
844 16434.59 19 23.28
845 20027.94 21 26.24
846 17064.99 18 21.52
847 18366.40 15 15.72
848 17059.11 21 26.79
849 23366.08 25 33.27
850 9676.67 23 29.76
851 13150.94 22 27.72
852 22142.41 26 35.23
853 16623.94 27 36.71
854 17596.60 45 75.59
855 13048.69 28 47.80
856 41404.65 597 549.13
857 129174.62 32 58.58
858 137786.54 22 40.55
859 149532.50 22 40.25
860 287642.86 21 38.79
861 257390.93 21 38.18
862 429217.54 23 41.27
863 452963.93 21 38.62
864 393992.24 20 36.98
865 578890.30 23 41.59
866 624062.07 22 40.13
867 683510.14 21 38.27
868 643853.69 21 38.76
869 806982.04 22 39.89
870 725824.16 22 40.12
871 597089.90 22 40.42
872 877399.86 21 38.60
873 693963.34 22 39.90
874 457163.30 22 40.01
875 624407.19 22 40.09
876 491320.91 21 38.57
877 376666.88 21 38.29
878 278219.61 95 188.83
879 264840.55 21 34.78
880 255186.23 34 54.30
881 78063.75 310 281.65
882 86778.76 91 60.93
883 92518.79 601 640.05
884 187579.83 36 64.49
885 157217.49 36 63.05
886 249636.96 38 66.70
887 193356.67 37 63.56
888 201835.70 35 62.48
889 250612.78 154 382.28
890 238124.31 29 48.82
891 255007.09 119 249.93
892 219789.17 127 262.16
893 141702.20 121 243.74
894 103501.71 120 257.15
895 64970.29 129 257.55
896 53293.73 119 235.70
897 36214.55 131 243.08
898 15817.37 1421 1383.46
899 22229.78 120 243.41
900 17743.06 120 257.28
901 12759.32 24 2.89
902 8605.78 28 6.46
903 12473.13 110 97.21
904 12219.85 334 481.70
905 12346.51 123 274.85
906 6091.47 190 317.61
907 9273.62 179 312.91
908 4249.94 1032 915.85
909 1420.29 660 494.60
910 1248.65 36 8.21
911 509.75 36 10.25
912 497.36 1999 1962.28
913 30.94 1999 2019.38
914 6.63 604 634.41
915 41.45 299 270.75
916 27.23 61 22.91
917 58.71 38 9.24
918 35.67 156 127.79
919 77.43 1354 1352.26
920 157.57 64 36.60
921 110.23 566 653.84
922 99.12 597 596.39
923 46.90 65 39.15
924 154.75 211 261.62
925 321.53 38 18.32
926 297.60 572 933.39
927 255.64 200 509.81
928 423.20 167 414.90
929 339.35 262 535.93
930 439.31 96 154.62
931 445.65 204 443.97
932 439.21 274 582.67
933 355.46 338 623.81
934 335.30 197 414.01
935 533.58 90 136.99
936 570.00 114 262.12
937 415.75 299 523.59
938 406.76 105 214.10
939 280.47 125 322.35
940 369.86 114 234.39
941 279.95 133 283.72
942 150.31 141 308.54
943 135.50 117 232.48
944 76.01 171 330.08
945 159.76 323 334.94
946 201.31 268 256.90
947 342.96 102 123.43
948 637.20 140 258.12
949 1305.90 136 288.63
950 1395.91 131 325.89
951 1385.26 64 119.04
952 1133.61 61 113.72
953 1386.39 113 246.47
954 1320.84 142 313.54
955 1244.15 104 204.20
956 1112.81 290 492.88
957 1295.67 60 110.86
958 1248.02 128 274.54
959 1295.26 50 90.63
960 1513.63 130 193.20
961 1113.55 49 89.40
962 1677.32 118 230.46
963 1963.96 18 -0.80
964 1458.77 17 -1.09
965 2293.78 17 -0.85
966 2200.56 17 -0.77
967 943.30 16 -0.73
968 1633.77 17 -0.87
969 1381.19 16 -0.76
970 1579.02 18 -0.76
971 1652.97 119 154.58
972 1484.62 119 274.41
973 1297.77 104 221.85
974 1064.82 29 49.28
975 877.86 65 106.98
976 1119.18 30 52.74
977 1256.34 112 283.93
978 1579.15 72 108.57
979 1484.14 74 115.52
980 2230.21 62 104.83
981 1173.75 68 114.90
982 2011.17 173 314.24
983 1206.04 60 109.54
984 1700.40 559 631.68
985 1242.90 821 993.21
986 613.20 11 9.25
987 108.08 14 14.29
988 1250.07 20 25.03
989 1573.97 157 281.86
990 932.47 347 529.72
991 653.99 142 200.78
992 491.39 107 213.35
993 398.51 278 339.94
994 360.73 346 420.73
995 320.89 333 509.46
996 246.39 716 822.44
997 519.09 187 356.21
998 696.91 38 51.79
999 454.68 255 364.30
1000 413.69 115 235.99
1001 186.16 56 99.99
1002 189.22 65 116.91
1003 280.89 165 408.90
1004 298.36 243 422.13
1005 349.35 136 320.74
1006 457.26 123 273.16
1007 434.25 130 279.28
1008 298.81 147 340.76
1009 310.66 241 501.27
1010 261.32 175 397.42
1011 187.45 166 379.05
1012 138.93 225 457.31
1013 113.74 141 320.11
1014 88.03 159 398.19
1015 43.58 16 23.86
1016 120.21 188 365.72
1017 97.02 137 318.71
1018 129.80 246 435.24
1019 137.41 157 333.76
1020 103.75 346 564.20
1021 19.89 45 75.17
1022 18.43 43 74.80
1023 135.22 45 78.81
1024 135.06 44 75.35
1025 255.11 129 277.82
1026 167.53 125 265.49
1027 165.76 116 246.16
1028 122.20 182 344.44
1029 150.22 114 240.81
1030 115.19 125 266.92
1031 79.75 160 338.77
1032 86.81 147 315.85
1033 74.47 174 322.02
1034 42.96 173 348.05
1035 41.89 344 317.09
1036 47.80 253 440.87
1037 30.61 91 195.26
1038 48.26 898 1048.99
1039 32.86 134 285.42
1040 53.75 122 320.35
1041 85.27 125 290.94
1042 82.23 127 284.81
1043 31.95 558 766.95
1044 11.03 165 352.51
1045 7.56 250 470.82
1046 15.78 41 56.91
1047 85.79 24 28.57
1048 155.79 31 39.22
1049 90.25 245 463.55
1050 107.58 51 76.04
1051 35.68 15 22.55
1052 183.60 154 336.93
1053 251.61 67 124.24
1054 230.84 156 331.05
1055 249.55 193 356.77
1056 239.30 421 496.56
1057 278.66 122 193.19
1058 246.47 420 549.52
1059 282.03 165 336.60
1060 153.80 212 383.80
1061 105.07 224 465.51
1062 69.01 269 538.20
1063 57.36 260 493.26
1064 101.59 172 414.77
1065 181.44 120 260.04
1066 21.07 33 61.51
1067 53.86 27 49.83
1068 200.69 32 58.83
1069 202.19 122 253.02
1070 140.14 246 400.89
1071 140.08 173 346.76
1072 156.20 88 168.75
1073 141.17 209 361.54
1074 121.62 153 301.29
1075 116.70 153 282.23
1076 141.17 209 361.65
1077 128.02 302 458.62
1078 72.20 230 421.34
1079 41.52 318 506.26
1080 6.37 440 613.73
1081 3.23 324 409.70
1082 9.74 244 354.71
1083 17.05 304 441.58
1084 21.74 450 458.28
1085 10.37 13 18.88
1086 174.78 13 18.79
1087 74.95 83 173.35
1088 84.22 123 244.52
1089 107.07 121 238.43
1090 74.71 76 71.91
1091 62.72 34 18.44
1092 146.84 38 19.30
1093 88.94 250 434.55
1094 77.62 50 47.23
1095 175.96 43 39.29
1096 182.65 42 30.81
1097 78.89 37 28.89
1098 104.78 182 322.10
1099 89.85 125 264.31
1100 78.97 117 206.98
1101 104.15 102 205.55
1102 92.98 67 93.45
1103 92.95 559 785.55
1104 90.36 258 407.34
1105 93.27 259 455.83
1106 117.35 225 427.43
1107 80.32 165 203.70
1108 39.68 81 116.18
1109 111.07 89 133.33
1110 162.25 220 384.27
1111 135.47 523 860.78
1112 128.90 131 347.45
1113 108.70 129 301.44
1114 108.92 286 393.79
1115 149.94 143 270.14
1116 98.13 151 332.92
1117 111.13 148 344.34
1118 122.05 209 394.09
1119 83.85 150 316.80
1120 66.57 134 296.28
1121 50.19 92 168.76
1122 58.74 89 172.55
1123 141.64 170 347.34
1124 162.86 136 318.88
1125 128.33 123 332.86
1126 156.09 146 385.74
1127 154.33 189 508.48
1128 154.71 171 396.19
1129 181.47 142 409.52
1130 139.14 149 358.48
1131 151.89 102 233.53
1132 108.83 93 201.38
1133 242.43 22 10.31
1134 221.37 27 14.89
1135 219.48 128 314.99
1136 154.67 151 343.62
1137 151.26 126 337.73
1138 203.02 142 246.93
1139 196.88 138 289.50
1140 124.16 120 225.63
1141 191.07 128 360.70
1142 250.48 159 338.53
1143 154.89 142 434.58
1144 257.61 128 280.27
1145 212.28 188 408.82
1146 251.27 146 440.67
1147 229.66 137 417.81
1148 233.07 115 253.07
1149 153.32 129 340.74
1150 170.43 104 214.46
1151 156.03 158 489.44
1152 134.91 178 534.46
1153 83.97 107 255.13
1154 167.23 96 165.51
1155 181.51 338 1019.55
1156 211.65 239 593.50
1157 197.99 61 108.73
1158 282.91 67 119.34
1159 375.87 207 647.07
1160 379.12 206 428.01
1161 368.56 127 279.55
1162 384.85 157 392.53
1163 500.78 159 206.85
1164 540.54 66 133.92
1165 471.66 64 123.48
1166 542.03 106 272.54
1167 497.08 85 157.86
1168 938.36 82 80.71
1169 571.21 112 108.28
1170 671.52 109 255.01
1171 715.86 204 556.26
1172 550.47 140 367.47
1173 656.47 145 374.71
1174 511.39 129 332.68
1175 438.92 150 401.16
1176 408.74 99 173.95
1177 439.58 221 622.23
1178 315.27 131 275.21
1179 256.95 130 270.25
1180 332.49 116 232.11
1181 334.84 128 299.22
1182 373.21 130 242.41
1183 444.39 255 713.03
1184 291.78 121 253.68
1185 506.58 192 490.90
1186 503.63 154 396.47
1187 422.37 197 320.98
1188 493.64 193 379.18
1189 399.57 199 504.71
1190 399.45 203 551.57
1191 354.79 212 512.65
1192 239.30 103 216.79
1193 333.77 91 182.03
1194 331.39 103 151.08
1195 435.05 107 222.60
1196 312.58 196 467.52
1197 344.49 42 74.47
1198 747.49 47 78.95
1199 677.22 113 300.80
1200 643.27 193 566.17
1201 644.60 228 666.63
1202 611.41 154 322.62
1203 751.01 148 311.58
1204 863.63 112 240.78
1205 617.74 72 126.96
1206 777.92 241 679.63
1207 920.37 298 733.00
1208 704.40 222 609.32
1209 806.57 196 553.38
1210 741.77 120 264.06
1211 366.61 177 404.02
1212 705.60 66 67.23
1213 839.19 114 138.90
1214 536.49 176 483.29
1215 568.75 118 327.00
1216 626.82 140 404.96
1217 417.90 163 453.40
1218 488.73 152 331.90
1219 556.21 121 252.68
1220 389.26 199 644.78
1221 372.69 248 376.13
1222 598.34 222 454.70
1223 549.35 218 613.87
1224 383.14 214 594.63
1225 279.68 349 1001.25
1226 187.69 223 540.83
1227 259.99 217 658.70
1228 196.88 125 203.47
1229 179.53 134 275.92
1230 239.05 294 881.25
1231 391.03 131 279.99
1232 263.47 95 230.88
1233 358.99 185 582.33
1234 288.88 151 336.38
1235 617.82 155 443.70
1236 607.61 164 470.88
1237 543.78 126 218.79
1238 559.12 302 591.97
1239 455.59 308 853.89
1240 710.00 60 109.75
1241 614.54 149 368.99
1242 735.67 128 253.15
1243 795.84 122 195.22
1244 1194.57 96 117.69
1245 1038.11 139 386.37
1246 829.06 350 1073.98
1247 428.39 219 553.83
1248 465.60 138 274.07
1249 754.85 164 326.18
1250 1311.46 133 373.87
1251 797.24 135 367.68
1252 768.27 81 168.04
1253 1231.84 57 82.13
1254 1658.96 84 138.07
1255 2104.05 82 149.06
1256 1911.48 68 131.97
1257 1775.61 202 519.12
1258 2220.50 94 173.77
1259 3938.25 171 437.16
1260 3319.34 136 328.31
1261 2428.32 149 389.54
1262 2906.73 93 195.47
1263 2859.68 129 284.48
1264 3269.69 163 395.78
1265 2312.10 162 444.37
1266 2921.17 152 318.12
1267 2851.39 150 408.63
1268 2298.81 166 372.70
1269 1830.02 269 726.92
1270 902.07 207 490.50
1271 880.18 165 408.03
1272 446.50 157 446.54
1273 340.34 153 354.89
1274 203.34 216 601.81
1275 116.25 150 372.80
1276 129.29 137 320.22
1277 141.24 132 297.41
1278 143.36 180 502.04
1279 122.05 188 475.42
1280 134.85 205 598.53
1281 111.59 210 555.26
1282 88.78 208 451.80
1283 61.41 334 1069.84
1284 58.35 175 474.14
1285 66.37 175 448.21
1286 86.54 103 183.92
1287 252.10 127 157.66
1288 379.78 98 149.79
1289 247.12 72 122.03
1290 412.96 64 117.11
1291 346.48 30 54.62
1292 465.43 28 50.55
1293 412.16 34 59.41
1294 822.37 467 1352.38
1295 662.48 25 40.35
1296 801.13 20 32.04
1297 764.90 23 37.70
1298 1100.67 114 262.48
1299 1182.60 165 529.61
1300 1031.42 200 639.71
1301 957.89 582 1451.97
1302 1030.32 177 499.80
1303 1199.09 170 509.32
1304 710.48 401 1372.10
1305 938.28 46 81.82
1306 1653.28 15 15.97
1307 2324.43 12 11.49
1308 1282.62 17 19.25
1309 2246.52 22 27.71
1310 1803.31 23 29.42
1311 2273.55 27 36.99
1312 1250.99 522 1525.49
1313 1076.16 219 715.50
1314 1309.23 52 94.48
1315 959.53 61 118.10
1316 1360.96 52 95.04
1317 1915.19 255 525.56
1318 1458.63 135 240.79
1319 1290.07 697 1587.36
1320 776.42 146 296.68
1321 995.05 131 276.32
1322 872.02 117 243.43
1323 877.34 150 367.77
1324 669.60 112 292.68
1325 1275.91 80 173.17
1326 1697.84 18 -0.92
1327 1244.08 18 -1.03
1328 2072.41 17 -0.94
1329 1069.30 17 -0.92
1330 3701.77 17 -1.30
1331 2291.90 17 -0.63
1332 1043.76 17 -1.58
1333 3813.20 20 0.24
1334 1727.37 198 360.04
1335 772.28 23 42.62
1336 3386.62 22 40.21
1337 1024.87 22 39.68
1338 2441.98 22 39.59
1339 2870.74 82 157.53
1340 3170.28 251 315.94
1341 2217.44 87 136.80
1342 2197.75 122 317.55
1343 2538.30 121 323.81
1344 1844.74 126 323.21
1345 1890.77 174 420.16
1346 1600.95 171 428.81
1347 1393.75 178 446.15
1348 1059.97 136 310.80
1349 1102.04 210 180.92
1350 1054.15 367 531.97
1351 349.90 336 557.06
1352 312.81 206 387.25
1353 150.25 378 521.04
1354 331.50 30 50.87
1355 229.44 93 221.10
1356 926.75 25 41.94
1357 389.26 16 23.53
1358 351.77 14 19.83
1359 330.23 14 19.63
1360 556.57 17 25.06
1361 904.00 268 309.03
1362 1776.68 57 29.25
1363 4867.37 446 823.89
1364 8096.37 163 427.23
1365 8103.25 133 307.57
1366 9070.43 105 238.06
1367 9090.49 10 7.57
1368 5534.76 10 7.77
1369 15597.81 11 9.32
1370 5140.80 111 263.65
1371 5841.41 124 290.55
1372 4426.16 125 307.92
1373 3586.68 124 288.06
1374 2730.50 140 307.15
1375 2404.24 141 345.80
1376 1356.12 155 300.10
1377 1392.31 120 185.15
1378 1595.49 146 290.77
1379 2941.83 123 263.07
1380 2410.35 86 166.12
1381 2706.36 94 195.18
1382 2863.40 82 151.42
1383 2987.81 73 126.04
1384 2960.10 73 126.76
1385 1962.33 134 337.61
1386 2459.57 164 374.39
1387 1644.82 134 284.94
1388 1188.59 89 207.18
1389 1764.84 155 325.62
1390 1094.52 355 554.56
1391 1094.75 152 410.28
1392 1092.70 127 257.29
1393 844.07 362 588.44
1394 1418.91 24 43.53
1395 274.08 26 47.67
1396 1468.89 147 351.23
1397 1351.55 205 578.60
1398 947.85 146 298.55
1399 755.84 121 248.88
1400 935.36 118 244.89
1401 1020.15 118 247.31
1402 703.71 156 314.71
1403 677.91 125 263.00
1404 132.43 16 23.91
1405 844.20 19 28.09
1406 789.37 20 30.36
1407 1921.13 93 189.89
1408 1219.66 187 484.15
1409 1519.52 69 55.82
1410 1214.76 499 680.75
1411 786.81 182 339.85
1412 1010.45 138 300.03
1413 919.70 158 415.20
1414 757.50 280 766.09
1415 767.80 676 1099.38
1416 252.73 511 761.10
1417 132.79 1140 1581.72
1418 56.23 270 453.52
1419 131.26 572 797.97
1420 155.02 138 292.69
1421 183.47 109 238.83
1422 195.79 121 286.97
1423 148.71 164 412.33
1424 131.11 196 334.28
1425 163.73 144 441.48
1426 130.58 287 667.96
1427 118.92 134 201.34
1428 201.18 197 300.10
1429 233.90 154 308.78
1430 279.25 122 247.75
1431 286.83 227 665.07
1432 193.32 79 156.64
1433 403.19 182 503.92
1434 387.88 157 337.81
1435 435.42 208 200.17
1436 218.14 9 2.38
1437 129.01 9 0.32
1438 522.13 8 0.64
1439 1099.34 8 0.49
1440 473.69 8 0.91
1441 411.58 8 0.59
1442 627.54 8 1.22
1443 884.63 8 0.83
1444 762.82 8 1.03
1445 966.46 10 1.60
1446 699.96 40 10.04
1447 687.66 181 293.12
1448 970.70 85 168.45
1449 773.12 109 227.73
1450 515.90 131 254.41
1451 591.39 216 630.32
1452 596.61 95 200.86
1453 493.34 102 231.81
1454 630.25 115 280.38
1455 536.36 117 252.00
1456 439.68 108 221.37
1457 327.29 109 232.53
1458 334.11 151 436.80
1459 266.28 97 192.11
1460 290.74 98 198.58
1461 269.23 107 218.70
1462 196.50 97 193.78
1463 117.68 290 262.20
1464 150.14 131 102.43
1465 144.34 86 65.00
1466 170.18 23 18.73
1467 207.86 24 20.50
1468 345.09 195 324.22
1469 343.69 127 281.14
1470 450.88 129 280.43
1471 435.49 123 276.08
1472 308.55 121 273.83
1473 331.56 127 283.99
1474 358.22 110 243.70
1475 238.85 127 320.10
1476 203.80 125 273.63
1477 263.77 122 271.78
1478 177.13 126 280.49
1479 139.78 127 296.93
1480 145.18 111 228.74
1481 227.97 52 98.71
1482 173.19 159 454.94
1483 142.54 76 152.41
1484 179.65 35 64.92
1485 217.88 27 47.86
1486 167.94 162 421.60
1487 149.30 130 265.43
1488 140.85 121 247.36
1489 152.86 283 719.30
1490 245.60 117 187.87
1491 235.02 889 1602.88
1492 253.72 151 350.13
1493 320.61 181 569.39
1494 131.19 130 308.83
1495 196.17 95 196.24
1496 287.70 171 339.87
1497 250.57 76 32.13
1498 251.02 144 180.73
1499 306.02 128 329.48
1500 234.18 57 99.50
1501 321.48 146 362.88
1502 448.50 101 199.17
1503 464.99 105 179.18
1504 620.42 59 87.57
1505 886.95 94 168.57
1506 836.07 77 144.53
1507 810.50 51 93.09
1508 793.38 97 193.51
1509 997.53 181 484.88
1510 861.33 108 235.90
1511 824.38 123 272.02
1512 860.91 121 257.00
1513 756.39 183 519.78
1514 779.58 127 239.89
1515 488.65 121 235.44
1516 314.93 36 63.98
1517 243.01 23 42.27
1518 473.60 25 45.37
1519 794.80 115 269.84
1520 520.38 188 570.04
1521 392.21 23 29.79
1522 539.65 109 222.95
1523 500.78 148 254.97
1524 702.80 146 290.64
1525 491.56 136 308.87
1526 502.20 165 397.06
1527 737.17 28 37.49
1528 505.02 158 413.19
1529 427.11 157 378.97
1530 515.67 350 884.09
1531 437.41 622 1555.78
1532 216.23 206 611.46
1533 214.06 284 686.88
1534 189.43 38 53.80
1535 173.86 46 72.05
1536 414.26 136 252.02
1537 465.94 65 124.98
1538 403.36 343 828.77
1539 359.54 163 460.43
1540 262.91 151 390.10
1541 304.39 233 605.14
1542 349.18 229 418.49
1543 257.02 297 855.59
1544 219.50 182 275.87
1545 205.24 57 102.18
1546 446.27 93 193.08
1547 386.23 101 207.81
1548 390.88 114 241.69
1549 344.02 81 125.30
1550 282.09 66 115.94
1551 525.69 130 187.43
1552 471.81 107 150.05
1553 778.22 67 105.60
1554 850.39 244 697.77
1555 703.97 287 457.36
1556 951.13 102 214.12
1557 661.57 115 258.51
1558 722.95 143 354.87
1559 551.67 252 563.36
1560 504.22 138 292.80
1561 564.90 150 272.41
1562 652.06 89 178.37
1563 682.02 83 162.56
1564 417.04 107 245.18
1565 909.50 19 29.21
1566 380.65 19 28.88
1567 587.12 206 454.64
1568 445.64 136 198.15
1569 613.76 78 82.56
1570 667.15 93 89.37
1571 584.49 124 198.74
1572 548.76 405 604.68
1573 736.38 54 97.64
1574 802.57 55 103.36
1575 1391.71 109 235.72
1576 1367.34 204 381.96
1577 1744.50 31 44.50
1578 2486.60 69 119.98
1579 2813.58 90 163.97
1580 4544.02 86 153.01
1581 4138.93 66 114.91
1582 4621.37 90 191.05
1583 6082.43 120 318.32
1584 4840.97 56 102.00
1585 6699.27 46 76.97
1586 12228.97 45 77.53
1587 9371.06 45 78.22
1588 3920.39 82 167.74
1589 4665.57 33 46.74
1590 4643.54 36 51.62
1591 7546.47 95 211.85
1592 4276.31 115 256.15
1593 4470.43 210 606.18
1594 3526.50 131 310.27
1595 4113.26 159 376.98
1596 3281.71 58 104.08
1597 3374.88 55 97.41
1598 2415.84 75 132.70
1599 3496.60 59 106.42
1600 3266.73 58 101.49
1601 2667.17 164 348.06
1602 2917.88 193 474.11
1603 2121.03 396 680.81
1604 1288.11 234 370.23
1605 1607.05 88 121.41
1606 1920.72 206 245.97
1607 1895.79 174 324.51
1608 1567.51 250 685.96
1609 1047.96 180 397.17
1610 1016.24 115 257.11
1611 846.77 130 315.18
1612 411.01 101 148.10
1613 864.08 103 219.27
1614 902.24 124 274.33
1615 986.20 85 160.66
1616 833.50 109 208.63
1617 797.85 167 420.67
1618 990.12 167 423.24
1619 1139.86 144 321.66
1620 1297.32 126 250.71
1621 1521.03 324 545.85
1622 868.79 156 389.27
1623 774.25 219 337.67
1624 1180.77 158 346.37
1625 794.90 185 464.24
1626 840.02 147 351.53
1627 405.94 249 520.21
1628 520.16 63 58.02
1629 620.65 64 59.83
1630 477.83 79 82.12
1631 439.64 345 498.73
1632 454.71 296 488.77
1633 377.86 1040 1539.11
1634 290.46 174 341.39
1635 307.79 375 765.33
1636 172.61 199 313.72
1637 202.12 148 244.07
1638 282.37 372 664.20
1639 348.65 257 658.56
1640 257.30 124 254.18
1641 278.85 126 279.05
1642 417.26 51 94.02
1643 648.01 146 351.55
1644 464.34 110 264.09
1645 459.82 116 242.42
1646 460.49 124 281.83
1647 283.04 50 93.38
1648 724.88 46 84.04
1649 556.53 43 77.59
1650 717.52 45 80.78
1651 858.83 222 561.34
1652 823.77 181 429.12
1653 837.97 186 382.13
1654 623.32 152 335.55
1655 714.72 194 404.60
1656 676.80 112 230.58
1657 753.74 150 348.01
1658 570.23 108 249.39
1659 577.97 67 121.78
1660 448.48 278 647.27
1661 474.32 159 401.01
1662 410.03 222 363.77
1663 245.85 169 299.96
1664 252.74 255 629.78
1665 217.95 128 259.37
1666 214.71 71 120.80
1667 274.65 65 112.18
1668 200.47 67 118.49
1669 299.95 217 405.50
1670 422.44 154 391.27
1671 326.74 171 449.27
1672 322.12 147 338.24
1673 246.52 198 491.22
1674 226.01 347 814.26
1675 235.95 273 438.32
1676 342.11 166 409.56
1677 366.16 197 468.39
1678 220.80 408 860.73
1679 192.69 303 619.20
1680 234.49 234 606.34
1681 245.95 214 441.42
1682 194.34 135 232.92
1683 284.90 121 294.59
1684 176.14 169 518.37
1685 140.77 56 106.27
1686 97.12 55 100.28
1687 247.21 54 99.91
1688 510.36 78 143.27
1689 386.08 205 628.64
1690 397.44 191 505.51
1691 369.23 157 462.05
1692 368.77 204 440.40
1693 454.34 201 255.46
1694 479.92 158 225.62
1695 566.87 200 414.05
1696 644.95 187 377.54
1697 428.02 208 483.87
1698 381.73 205 379.88
1699 394.93 158 387.79
1700 233.15 178 379.78
1701 365.28 71 127.79
1702 272.09 99 182.91
1703 441.94 109 206.72
1704 381.14 181 311.39
1705 250.70 392 597.12
1706 387.70 343 715.27
1707 591.31 28 37.46
1708 705.62 27 30.56
1709 614.27 177 213.60
1710 709.90 103 183.18
1711 949.92 71 134.45
1712 992.75 167 423.50
1713 706.28 202 358.76
1714 775.81 201 365.18
1715 647.25 132 302.66
1716 708.26 119 259.77
1717 361.72 52 92.09
1718 397.91 65 115.12
1719 677.49 141 336.76
1720 612.98 654 1063.57
1721 203.92 61 107.02
1722 550.86 52 93.07
1723 665.62 94 174.52
1724 736.63 115 246.62
1725 699.71 129 284.58
1726 530.71 121 274.74
1727 445.76 142 358.87
1728 429.95 242 584.22
1729 296.06 158 307.16
1730 357.34 372 712.63
1731 355.32 148 259.60
1732 254.67 118 219.88
1733 323.93 91 174.64
1734 618.71 56 103.12
1735 400.00 67 113.78
1736 685.72 193 226.72
1737 530.36 145 302.18
1738 391.08 205 494.02
1739 440.80 220 398.92
1740 724.12 22 27.88
1741 1058.67 23 29.66
1742 1347.77 25 33.80
1743 1165.49 267 571.20
1744 669.97 87 196.09
1745 946.69 49 83.33
1746 1220.51 592 1331.22
1747 871.54 95 165.43
1748 1144.55 142 362.96
1749 746.09 183 399.42
1750 768.82 194 481.29
1751 790.88 186 429.41
1752 422.49 131 206.62
1753 641.19 149 272.64
1754 443.07 212 415.75
1755 585.16 125 211.92
1756 536.35 200 433.66
1757 431.17 139 302.02
1758 609.31 114 254.86
1759 683.04 129 187.64
1760 620.62 349 684.40
1761 543.73 199 477.14
1762 444.29 129 270.92
1763 409.39 134 294.92
1764 427.55 182 434.24
1765 227.41 114 194.21
1766 476.00 20 30.14
1767 372.75 168 302.73
1768 248.51 50 89.26
1769 485.66 144 374.45
1770 419.86 190 341.90
1771 304.87 145 317.60
1772 529.60 26 44.28
1773 416.54 93 182.75
1774 276.21 254 440.61
1775 286.17 158 215.35
1776 307.02 150 207.15
1777 379.92 235 433.01
1778 304.04 258 488.67
1779 214.85 111 150.49
1780 263.77 110 167.98
1781 215.10 231 452.99
1782 164.09 256 499.32
1783 176.86 278 436.99
1784 186.58 224 562.04
1785 214.57 125 261.92
1786 118.88 386 716.46
1787 165.05 47 56.61
1788 175.04 390 586.48
1789 127.54 267 567.33
1790 109.87 269 534.08
1791 94.55 118 248.41
1792 129.02 154 259.29
1793 143.21 191 413.33
1794 136.96 190 381.58
1795 75.02 536 877.86
1796 46.29 223 550.99
1797 50.61 251 480.35
1798 55.11 40 10.86
1799 70.22 152 108.52
1800 165.37 88 169.26
1801 208.90 105 192.41
1802 244.64 146 285.02
1803 278.49 105 218.29
1804 354.47 131 244.09
1805 255.73 258 476.10
1806 392.41 174 377.07
1807 390.66 87 138.60
1808 488.19 135 244.26
1809 494.29 714 1432.46
1810 430.08 86 143.58
1811 714.79 43 70.74
1812 828.47 199 335.23
1813 461.71 149 362.39
1814 458.52 110 213.53
1815 522.25 79 104.81
1816 553.58 345 486.78
1817 530.46 118 252.78
1818 479.23 55 89.24
1819 351.02 282 385.10
1820 614.23 87 130.12
1821 561.69 9 5.39
1822 1616.61 9 5.74
1823 88.44 9 5.90
1824 1166.14 9 5.52
1825 1207.52 10 7.35
1826 537.47 15 16.53
1827 549.80 113 199.99
1828 973.58 81 142.30
1829 556.97 78 137.40
1830 688.92 181 448.09
1831 547.61 127 228.91
1832 506.18 130 241.61
1833 535.09 195 483.76
1834 672.82 132 190.00
1835 1292.60 86 125.42
1836 1123.75 25 38.91
1837 1594.02 26 42.83
1838 2025.94 150 372.26
1839 2288.35 113 263.42
1840 2571.21 81 166.67
1841 2487.96 186 430.60
1842 2371.32 203 360.22
1843 2164.53 273 456.26
1844 1743.08 162 428.95
1845 1503.05 139 169.85
1846 2316.51 29 52.69
1847 2276.89 23 41.26
1848 2191.55 22 40.00
1849 2563.59 21 38.82
1850 3210.02 121 289.49
1851 2474.92 204 412.41
1852 2120.73 186 479.81
1853 1462.68 156 394.87
1854 1412.22 240 321.25
1855 1076.92 134 286.68
1856 610.91 118 234.45
1857 1105.81 349 507.96
1858 826.63 507 781.07
1859 423.82 272 543.70
1860 450.17 68 109.43
1861 1021.98 78 149.77
1862 487.09 43 74.06
1863 687.97 154 418.95
1864 587.16 280 477.47
1865 405.26 104 235.75
1866 448.54 911 1358.78
1867 585.09 124 254.90
1868 325.60 367 525.80
1869 129.50 230 380.85
1870 54.68 405 716.87
1871 146.19 149 335.84
1872 305.71 29 35.14
1873 149.39 17 15.80
1874 130.97 23 27.41
1875 418.80 147 325.24
1876 606.11 115 228.97
1877 338.56 243 395.58
1878 487.05 260 445.41
1879 322.29 382 831.54
1880 426.49 290 396.57
1881 817.25 72 44.46
1882 738.41 22 2.21
1883 1517.25 17 -0.65
1884 1739.62 17 -1.51
1885 730.15 18 -1.77
1886 1058.79 17 -1.09
1887 1442.11 17 -0.89
1888 6140.35 17 -0.67
1889 1204.41 17 -1.21
1890 1809.42 21 1.26
1891 2677.85 145 272.85
1892 3230.06 14 20.35
1893 5093.76 81 181.14
1894 6855.78 39 69.32
1895 8179.25 28 49.48
1896 17863.91 27 47.20
1897 15690.53 22 40.22
1898 19353.26 22 40.11
1899 28319.05 27 47.89
1900 41932.15 54 96.95
1901 53934.51 13 12.87
1902 62552.72 11 9.12
1903 92104.38 11 8.74
1904 99216.34 10 6.79
1905 56639.26 9 5.95
1906 171693.70 9 5.52
1907 154295.97 9 5.55
1908 91833.35 9 6.09
1909 74657.89 9 5.50
1910 158434.29 9 5.70
1911 134579.90 9 5.35
1912 179236.07 9 5.36
1913 123755.50 9 5.53
1914 74934.86 9 5.60
1915 60894.12 9 5.37
1916 49836.72 9 5.33
1917 32883.57 9 5.35
1918 74064.15 9 5.49
1919 112536.43 10 7.03
1920 48864.92 12 10.88
1921 48832.27 175 235.16
1922 25114.60 18 20.82
1923 22815.98 210 339.49
1924 27969.39 97 188.89
1925 35639.81 152 339.41
1926 43270.22 132 283.07
1927 64322.52 26 40.66
1928 37913.56 30 44.03
1929 43627.05 88 161.20
1930 58798.16 73 139.95
1931 69881.85 60 111.69
1932 56603.40 56 99.21
1933 57113.27 126 265.61
1934 58836.08 72 127.77
1935 50685.10 188 492.73
1936 36790.20 120 239.85
1937 27848.56 213 524.33
1938 16242.33 55 98.05
1939 12216.22 165 446.99
1940 8720.60 208 519.76
1941 4910.93 364 535.75
1942 3708.48 318 299.50
1943 3151.56 124 95.06
1944 4085.22 79 49.19
1945 2873.77 343 313.11
1946 2853.77 79 54.48
1947 1531.25 1999 1997.47
1948 22.34 1999 2027.32
1949 7.70 394 539.12
1950 11.04 226 384.34
1951 11.14 248 389.03
1952 58.45 508 645.67
1953 173.90 86 192.50
1954 171.19 102 244.24
1955 85.94 112 231.73
1956 59.70 86 193.88
1957 55.85 81 176.74
1958 25.88 87 182.99
1959 38.05 108 208.34
1960 30.58 91 193.43
1961 15.24 77 153.02
1962 26.67 83 167.73
1963 44.98 83 166.66
1964 34.04 82 167.88
1965 16.77 82 172.07
1966 12.43 91 201.64
1967 9.77 93 196.87
1968 11.08 88 191.16
1969 5.83 84 186.06
1970 5.74 84 185.71
1971 5.02 85 185.77
1972 4.11 98 226.64
1973 7.74 107 174.86
1974 34.70 42 72.19
1975 34.28 43 77.08
1976 44.20 134 278.24
1977 42.00 107 171.70
1978 43.16 109 157.53
1979 82.54 104 161.69
1980 53.13 98 167.12
1981 100.12 88 140.40
1982 114.25 147 287.72
1983 106.17 176 334.00
1984 98.86 116 268.59
1985 158.36 77 131.25
1986 80.59 112 264.38
1987 85.75 115 262.35
1988 114.83 123 275.42
1989 147.33 109 264.42
1990 106.70 129 281.97
1991 132.44 149 308.61
1992 90.42 212 376.89
1993 68.10 294 457.93
1994 49.86 126 203.09
1995 33.25 188 273.34
1996 40.74 168 334.18
1997 24.33 159 277.32
1998 40.94 176 326.00
1999 21.68 43 73.75
