0 0.32 12 7.84
1 0.08 9 5.50
2 0.05 7 4.83
3 0.04 5 3.33
4 0.04 6 3.78
5 0.02 5 3.23
6 0.26 5 3.55
7 0.18 6 3.88
8 0.10 6 3.51
9 0.06 6 4.01
10 0.05 6 4.33
11 0.04 6 3.73
12 0.03 6 3.96
13 0.18 6 4.33
14 0.18 6 4.40
15 0.10 6 4.75
16 0.06 5 3.44
17 0.07 5 3.28
18 0.05 5 3.75
19 0.05 6 4.13
20 0.04 5 3.38
21 0.19 6 4.17
22 0.13 5 3.11
23 0.06 5 3.61
24 0.06 5 3.39
25 0.07 6 4.31
26 0.06 5 3.40
27 0.05 6 3.76
28 0.05 5 3.80
29 0.10 5 3.66
30 0.08 5 3.44
31 0.06 5 3.19
32 0.06 6 4.01
33 0.05 5 3.10
34 0.04 5 3.35
35 0.04 5 3.23
36 0.03 5 3.55
37 0.05 5 3.49
38 0.05 5 3.19
39 0.04 5 3.40
40 0.04 6 4.07
41 0.03 6 4.21
42 0.04 6 4.38
43 0.03 6 3.98
44 0.03 6 4.10
45 0.03 6 4.22
46 0.03 5 3.13
47 0.03 5 3.37
48 0.02 5 3.28
49 0.03 5 3.53
50 0.02 5 3.44
51 0.02 5 3.46
52 0.02 5 3.31
53 0.02 5 3.56
54 0.02 6 3.94
55 0.02 5 3.21
56 0.02 5 3.76
57 0.02 6 4.02
58 0.03 5 3.48
59 0.02 5 3.51
60 0.02 5 3.59
61 0.02 5 3.76
62 0.01 5 3.77
63 0.02 5 3.87
64 0.01 6 3.69
65 0.02 6 3.91
66 0.02 6 4.67
67 0.02 6 3.62
68 0.02 6 3.85
69 0.01 5 3.49
70 0.01 5 3.34
71 0.01 6 3.48
72 0.01 6 4.30
73 0.01 6 4.13
74 0.01 5 3.26
75 0.01 6 4.09
76 0.01 5 3.41
77 0.01 5 3.34
78 0.01 5 3.56
79 0.01 7 5.16
80 0.10 23 41.09
81 0.43 23 41.28
82 0.20 25 44.37
83 0.46 22 40.04
84 0.46 23 41.65
85 0.57 22 40.24
86 0.70 22 39.89
87 1.16 23 41.35
88 0.93 23 41.55
89 1.42 21 38.49
90 1.30 21 38.62
91 1.71 23 41.50
92 1.95 22 39.82
93 2.37 22 40.08
94 1.67 21 38.40
95 2.46 22 40.06
96 3.14 22 40.23
97 2.26 23 41.45
98 3.36 21 38.49
99 2.82 23 41.00
100 3.65 23 41.24
101 2.72 22 40.29
102 3.22 22 40.06
103 2.81 22 39.97
104 3.07 22 39.96
105 2.90 22 40.06
106 3.33 23 41.56
107 3.05 21 38.31
108 2.75 22 39.72
109 3.52 21 38.36
110 2.91 23 41.61
111 2.91 24 42.63
112 2.61 22 39.79
113 2.80 24 43.10
114 2.47 22 40.30
115 2.78 22 40.03
116 2.31 22 39.83
117 2.34 23 41.59
118 1.75 22 40.01
119 2.63 59 104.02
120 22.13 9 6.18
121 18.28 21 27.20
122 20.27 24 30.98
123 23.53 26 34.62
124 25.57 33 52.42
125 21.07 20 27.72
126 30.43 24 33.30
127 38.44 20 26.44
128 34.76 20 27.28
129 33.00 30 43.28
130 30.71 38 57.46
131 35.73 40 60.59
132 34.57 33 46.87
133 30.97 37 55.89
134 31.22 35 55.43
135 31.74 32 53.94
136 33.97 33 54.68
137 35.25 32 52.81
138 38.36 37 63.54
139 41.28 56 102.53
140 36.38 56 100.84
141 35.76 45 83.82
142 33.63 33 59.88
143 38.33 46 82.32
144 46.56 42 76.00
145 46.30 54 99.97
146 54.07 79 141.47
147 62.53 32 58.39
148 74.22 47 85.37
149 64.69 52 94.11
150 67.37 40 71.47
151 66.95 36 62.85
152 72.60 28 51.09
153 81.00 32 56.38
154 103.95 47 84.81
155 69.87 45 80.58
156 105.89 50 89.15
157 105.50 43 76.87
158 107.74 46 81.61
159 88.35 50 91.90
160 71.11 53 98.43
161 98.55 53 98.80
162 80.04 54 98.18
163 73.00 48 86.89
164 80.47 51 91.34
165 83.83 129 267.27
166 97.07 113 229.24
167 88.47 111 229.24
168 99.38 83 158.00
169 88.49 99 193.84
170 101.78 98 190.68
171 104.16 120 185.46
172 111.47 178 340.47
173 99.45 91 143.17
174 109.64 88 139.48
175 129.22 96 148.84
176 113.13 112 188.30
177 124.66 138 292.20
178 132.99 96 151.82
179 138.89 122 260.39
180 169.45 140 176.05
181 147.19 141 287.56
182 175.95 131 274.44
183 152.02 175 329.82
184 160.93 43 61.47
185 199.59 171 326.00
186 212.15 120 257.41
187 209.75 121 260.27
188 183.55 118 255.70
189 222.60 114 247.68
190 231.63 118 255.12
191 232.90 126 267.41
192 236.72 117 254.33
193 208.07 113 247.05
194 213.85 126 268.53
195 242.06 121 263.62
196 250.59 106 233.35
197 247.34 123 263.70
198 232.52 119 256.82
199 275.61 121 261.38
200 302.23 111 243.41
201 250.10 227 396.22
202 239.04 144 298.05
203 277.06 216 376.71
204 232.47 128 270.38
205 205.09 126 268.24
206 239.79 115 248.76
207 294.16 120 258.53
208 328.95 134 278.65
209 304.85 171 317.86
210 291.40 123 263.36
211 310.51 124 264.40
212 268.32 116 252.70
213 277.95 123 261.06
214 262.12 115 249.03
215 266.98 117 252.08
216 300.09 126 272.45
217 248.06 114 247.40
218 302.63 104 228.45
219 229.95 121 256.92
220 238.28 121 258.41
221 263.33 116 250.54
222 243.51 122 260.32
223 226.99 120 257.40
224 241.24 120 255.49
225 248.87 340 513.48
226 234.55 114 246.65
227 228.07 119 254.97
228 205.84 119 255.32
229 242.54 121 259.34
230 222.05 124 263.54
231 222.28 118 252.66
232 222.48 177 335.66
233 238.35 209 392.24
234 251.09 264 412.19
235 227.01 130 282.04
236 233.23 164 303.17
237 217.91 159 339.97
238 228.36 158 347.02
239 310.03 157 313.92
240 273.93 162 320.56
241 257.93 126 270.30
242 253.02 174 337.52
243 289.54 114 247.28
244 227.26 128 273.46
245 281.37 169 347.29
246 242.21 160 352.25
247 225.59 131 279.05
248 235.94 152 302.24
249 281.81 110 52.33
250 238.99 238 209.21
251 248.96 143 78.66
252 269.13 201 306.55
253 206.43 158 271.60
254 231.23 175 289.11
255 274.14 117 28.75
256 291.55 104 29.88
257 269.74 132 28.94
258 288.64 220 125.57
259 441.17 37 8.98
260 253.60 110 27.02
261 308.53 41 11.71
262 358.31 37 9.92
263 426.97 36 9.43
264 270.48 36 8.65
265 286.44 36 9.24
266 349.96 36 8.82
267 334.35 40 9.99
268 219.42 39 10.21
269 313.58 38 9.35
270 303.11 38 9.67
271 363.20 38 9.19
272 330.64 37 10.26
273 266.81 39 9.85
274 547.45 38 8.77
275 289.08 37 9.26
276 413.30 37 9.64
277 434.00 38 10.18
278 341.25 41 11.72
279 346.08 36 8.75
280 481.80 38 9.70
281 530.29 36 8.50
282 471.82 29 4.31
283 229.79 31 6.73
284 372.26 35 7.64
285 215.17 40 10.42
286 423.79 47 20.46
287 391.13 147 54.55
288 359.59 229 408.76
289 340.25 219 434.49
290 248.87 187 382.55
291 299.55 131 275.99
292 305.20 108 212.72
293 347.64 90 186.94
294 312.48 92 183.93
295 349.92 110 204.16
296 365.97 84 185.46
297 290.35 72 148.27
298 316.54 56 102.81
299 451.64 84 184.85
300 367.75 82 180.06
301 342.98 53 94.20
302 398.95 113 219.87
303 304.48 100 204.35
304 340.60 51 89.72
305 318.91 123 245.74
306 401.31 120 119.40
307 327.38 46 77.46
308 317.03 147 143.49
309 332.24 96 100.46
310 292.57 232 321.73
311 378.99 117 115.44
312 389.91 92 92.36
313 456.74 69 63.85
314 542.55 68 64.24
315 518.12 65 59.10
316 326.25 56 46.72
317 586.48 85 67.57
318 625.76 72 55.53
319 713.05 157 114.49
320 513.41 319 444.59
321 579.36 124 242.56
322 560.71 108 218.09
323 531.08 94 188.00
324 512.25 103 209.37
325 534.33 121 241.84
326 501.10 132 289.41
327 482.78 309 517.44
328 510.76 143 118.53
329 497.67 450 330.66
330 540.52 250 144.50
331 461.63 118 111.99
332 427.57 125 106.45
333 426.37 237 265.93
334 523.23 158 140.62
335 533.64 209 212.51
336 489.76 371 609.51
337 520.13 307 550.51
338 442.19 579 672.65
339 479.06 905 1118.66
340 413.25 152 330.91
341 451.98 156 336.59
342 498.31 331 571.26
343 556.19 461 757.89
344 417.63 199 407.78
345 446.26 378 622.70
346 603.63 266 466.33
347 456.41 136 296.55
348 525.76 149 318.20
349 559.10 137 299.91
350 432.15 162 360.30
351 512.12 148 348.64
352 478.02 119 258.20
353 439.62 135 280.88
354 426.60 132 290.98
355 414.66 120 255.90
356 483.18 129 293.78
357 427.78 114 257.87
358 400.39 116 266.60
359 467.01 125 269.35
360 426.75 133 284.37
361 499.43 108 225.34
362 419.00 117 243.03
363 410.20 113 235.28
364 398.04 116 257.13
365 391.14 120 256.36
366 406.51 117 248.76
367 428.74 117 248.85
368 335.74 135 289.78
369 493.41 126 271.39
370 478.37 128 274.03
371 422.78 226 416.59
372 409.95 133 276.26
373 445.40 208 381.17
374 351.36 116 255.21
375 560.06 142 322.45
376 290.08 128 309.00
377 377.45 110 249.65
378 450.27 116 275.63
379 317.67 115 276.55
380 372.68 127 263.53
381 360.58 137 306.01
382 393.86 151 342.56
383 392.56 138 316.05
384 321.23 177 351.05
385 362.77 143 302.77
386 452.33 311 503.49
387 419.49 121 265.17
388 421.99 139 349.98
389 401.62 140 354.13
390 346.66 119 263.87
391 400.93 144 311.02
392 410.18 189 402.12
393 323.31 136 296.68
394 371.30 117 263.41
395 292.17 151 347.44
396 319.54 149 296.14
397 346.59 122 276.22
398 414.22 130 281.61
399 429.54 115 258.80
400 452.92 287 456.72
401 409.12 413 383.44
402 382.09 999 996.24
403 403.79 678 884.44
404 412.88 121 275.07
405 424.74 118 259.61
406 417.76 79 156.85
407 442.85 119 281.82
408 358.05 112 247.99
409 382.03 999 986.60
410 400.35 999 1029.73
411 403.37 170 288.81
412 281.65 120 251.02
413 339.44 113 264.24
414 307.83 109 255.98
415 483.06 105 210.16
416 418.57 138 329.77
417 337.38 103 201.75
418 275.73 77 65.38
419 363.97 384 621.62
420 421.64 999 986.50
421 419.61 361 497.75
422 348.04 244 429.64
423 454.71 132 336.70
424 405.59 98 225.65
425 433.90 106 261.94
426 440.06 113 279.49
427 376.14 124 323.58
428 266.06 106 262.02
429 361.62 115 285.75
430 392.13 155 403.41
431 404.94 122 295.74
432 314.65 140 344.11
433 345.89 999 978.35
434 286.83 197 333.94
435 311.57 316 443.40
436 265.82 132 318.92
437 417.26 112 254.12
438 306.59 210 200.44
439 337.00 999 988.27
440 339.80 632 639.52
441 244.74 114 121.46
442 342.47 344 364.55
443 361.92 165 156.42
444 347.44 383 587.54
445 279.43 153 150.79
446 335.48 365 352.94
447 340.13 156 153.45
448 303.31 242 225.66
449 349.84 999 1070.73
450 291.28 368 403.98
451 403.01 352 336.19
452 313.45 234 214.67
453 378.70 999 1039.41
454 373.80 528 781.45
455 345.54 522 710.96
456 349.16 781 1086.52
457 321.09 999 1190.73
458 262.81 658 898.80
459 302.36 999 1058.53
460 298.48 242 438.75
461 263.19 645 943.41
462 279.55 301 633.25
463 336.46 435 630.38
464 349.41 299 475.68
465 250.85 245 399.10
466 286.72 324 505.27
467 362.44 218 389.64
468 278.12 391 608.45
469 252.95 399 779.84
470 330.79 223 384.78
471 247.20 270 448.00
472 259.53 330 516.20
473 384.71 216 375.11
474 291.17 304 637.40
475 272.23 787 1020.16
476 255.09 427 675.05
477 270.64 476 794.11
478 270.37 218 430.35
479 222.05 323 531.04
480 269.51 367 712.40
481 286.12 255 433.92
482 212.93 338 619.72
483 277.62 186 368.40
484 270.90 381 626.70
485 320.17 266 452.22
486 271.74 277 483.91
487 253.06 298 507.47
488 242.18 189 395.14
489 233.23 321 510.72
490 244.19 367 614.90
491 257.67 169 361.34
492 231.40 279 459.37
493 252.52 459 717.85
494 248.16 683 799.76
495 221.32 296 472.94
496 198.16 401 576.41
497 215.61 173 354.76
498 202.70 168 359.92
499 198.49 225 406.69
500 204.15 230 403.63
501 242.25 999 1016.70
502 235.25 763 919.62
503 314.61 143 417.03
504 198.77 131 314.88
505 190.44 142 385.24
506 189.06 999 980.92
507 202.52 601 786.99
508 169.70 209 358.08
509 255.39 149 339.25
510 217.74 173 337.57
511 136.56 107 232.35
512 168.76 231 440.61
513 201.36 295 492.01
514 191.60 363 444.40
515 180.82 688 861.45
516 191.06 223 431.43
517 179.36 137 294.96
518 211.22 227 449.56
519 163.09 320 469.29
520 151.59 672 844.35
521 167.93 293 478.11
522 170.81 404 624.77
523 171.35 540 802.14
524 158.51 837 996.43
525 175.55 372 573.49
526 176.30 151 260.15
527 181.83 145 259.18
528 116.03 224 404.78
529 157.83 585 536.86
530 155.96 321 431.32
531 124.36 306 516.18
532 156.15 999 1016.50
533 166.00 384 595.70
534 151.80 375 553.27
535 151.31 382 612.16
536 141.70 272 565.76
537 149.30 138 400.34
538 154.89 193 364.87
539 147.79 999 1019.47
540 131.13 427 734.16
541 140.05 410 646.85
542 125.02 502 984.91
543 144.33 167 297.27
544 84.34 119 297.08
545 186.34 133 350.68
546 96.92 148 383.81
547 145.02 750 1125.94
548 145.92 408 655.30
549 179.01 447 679.98
550 126.96 300 502.00
551 170.40 410 646.54
552 163.53 284 453.82
553 160.74 276 472.32
554 120.58 999 979.95
555 138.10 447 722.02
556 136.63 615 904.24
557 147.51 539 541.78
558 139.80 240 349.46
559 114.00 825 976.45
560 126.86 577 787.24
561 135.54 429 755.14
562 149.72 154 328.20
563 140.48 699 932.33
564 128.03 568 762.61
565 144.26 171 349.29
566 134.15 239 467.33
567 154.99 202 303.96
568 129.26 255 439.18
569 141.35 411 605.46
570 112.87 197 340.66
571 117.86 113 264.21
572 102.13 113 288.51
573 101.22 163 338.70
574 130.68 289 593.72
575 106.53 299 659.25
576 92.25 664 782.43
577 102.08 490 684.01
578 124.92 373 566.56
579 71.45 264 505.68
580 53.64 207 429.20
581 69.33 220 402.84
582 67.29 258 438.83
583 82.45 715 970.32
584 58.79 508 711.05
585 67.81 778 990.63
586 88.36 506 777.46
587 56.08 245 437.93
588 54.35 999 1085.64
589 54.69 671 888.98
590 53.14 452 595.77
591 53.10 322 460.17
592 45.57 217 374.96
593 44.47 331 503.43
594 49.66 119 248.70
595 34.53 115 274.93
596 50.64 112 246.00
597 37.16 140 304.70
598 58.43 117 257.72
599 57.46 171 351.40
600 48.61 109 226.57
601 37.87 129 331.14
602 55.27 145 413.14
603 57.30 149 375.34
604 72.49 118 269.30
605 65.95 460 727.99
606 59.12 239 582.04
607 50.13 361 643.66
608 60.38 151 367.44
609 47.61 141 279.19
610 54.34 512 769.03
611 48.55 147 380.36
612 67.53 165 313.24
613 40.01 191 327.06
614 59.75 147 289.84
615 37.39 201 388.95
616 42.87 260 463.87
617 69.48 163 319.17
618 38.93 218 441.66
619 56.92 213 433.01
620 53.19 223 467.52
621 45.07 230 503.78
622 62.37 200 362.92
623 47.01 216 373.14
624 42.52 401 606.72
625 66.69 219 417.43
626 48.08 134 317.93
627 57.48 131 289.64
628 48.09 249 407.56
629 53.38 907 1266.93
630 41.42 530 662.98
631 32.94 351 682.31
632 45.77 776 1155.71
633 65.93 297 479.90
634 40.62 556 838.59
635 47.90 364 710.39
636 45.07 453 699.80
637 40.82 356 660.14
638 29.78 149 223.37
639 43.59 543 813.46
640 51.91 218 429.31
641 38.95 613 866.13
642 47.71 395 658.29
643 53.29 222 415.91
644 32.67 696 960.39
645 44.75 363 663.92
646 39.32 613 920.75
647 30.54 959 1361.49
648 24.63 182 280.42
649 51.22 167 327.50
650 47.66 293 513.98
651 47.58 658 812.54
652 51.54 314 438.35
653 55.09 166 239.54
654 58.67 64 108.11
655 61.98 124 266.81
656 53.15 141 304.24
657 39.14 120 285.34
658 39.22 124 270.89
659 31.16 258 397.58
660 43.64 999 1222.05
661 53.16 343 425.90
662 43.61 391 454.44
663 50.42 412 594.18
664 29.65 374 609.43
665 50.32 210 469.36
666 42.02 630 978.28
667 42.61 448 746.97
668 34.45 662 911.75
669 46.83 689 1023.94
670 56.38 207 244.97
671 25.25 999 1225.40
672 39.71 602 786.40
673 28.39 488 655.65
674 45.25 654 1099.36
675 27.22 301 575.79
676 58.84 140 148.07
677 25.39 352 585.27
678 22.23 105 111.14
679 49.67 125 113.73
680 41.86 24 35.40
681 44.80 130 123.05
682 40.15 860 1117.82
683 40.92 792 1264.56
684 44.35 236 560.43
685 41.35 167 362.43
686 27.29 180 358.64
687 42.64 321 366.39
688 26.64 226 260.55
689 45.21 999 1308.03
690 47.29 104 252.15
691 42.77 999 1465.88
692 23.43 91 99.90
693 22.32 148 275.53
694 30.73 140 278.03
695 37.20 156 350.83
696 37.91 999 1315.97
697 36.33 884 1381.40
698 35.76 855 1326.10
699 40.57 240 392.68
700 20.56 189 422.83
701 37.48 999 1286.60
702 30.92 876 1869.89
703 42.31 131 316.48
704 43.15 139 349.19
705 24.39 154 405.39
706 25.55 245 528.30
707 26.99 176 260.23
708 39.19 999 1382.39
709 31.86 376 657.76
710 28.19 203 422.01
711 26.79 443 859.79
712 21.95 154 377.74
713 33.15 267 556.44
714 21.41 349 684.05
715 23.78 174 304.88
716 29.30 435 928.88
717 33.53 317 638.58
718 24.88 107 247.58
719 39.90 151 374.35
720 21.14 231 590.85
721 22.77 227 448.75
722 25.31 176 420.42
723 30.96 338 841.30
724 25.86 272 675.19
725 18.02 173 344.73
726 29.96 235 709.76
727 18.88 247 588.28
728 18.39 189 322.53
729 29.92 150 218.02
730 27.27 166 276.05
731 28.23 120 156.26
732 36.17 119 165.62
733 18.69 102 121.68
734 22.98 95 107.30
735 26.96 570 604.17
736 33.36 352 591.88
737 36.57 106 238.29
738 31.74 144 371.02
739 22.20 128 279.12
740 38.00 115 285.84
741 29.84 314 648.65
742 29.65 343 657.87
743 26.57 380 700.96
744 24.38 546 1080.30
745 39.57 290 730.59
746 22.92 204 509.86
747 32.38 303 823.18
748 40.31 880 1659.33
749 34.76 328 643.13
750 32.16 147 351.59
751 28.70 333 658.61
752 33.74 372 670.20
753 42.91 378 823.23
754 42.36 381 805.04
755 35.41 193 512.22
756 22.83 246 450.34
757 31.05 265 626.64
758 34.30 342 903.10
759 31.08 999 1636.74
760 37.61 180 261.60
761 25.80 478 1206.34
762 28.82 438 1133.09
763 30.90 439 1012.47
764 24.34 205 344.39
765 31.71 534 1098.13
766 29.31 253 701.22
767 39.00 180 567.41
768 28.03 239 697.13
769 30.00 474 907.86
770 21.30 269 540.87
771 29.19 408 997.24
772 32.10 799 1605.45
773 28.58 296 756.27
774 31.89 245 616.15
775 40.69 348 893.63
776 21.09 414 1003.72
777 27.10 751 839.47
778 30.35 136 265.17
779 24.12 395 571.12
780 28.66 999 1824.83
781 41.06 282 613.59
782 25.13 251 574.70
783 32.50 315 869.06
784 32.80 640 1225.06
785 42.61 352 604.31
786 32.49 999 1381.71
787 33.31 582 1144.88
788 30.46 719 1760.45
789 29.01 574 1155.76
790 28.58 999 1542.40
791 19.27 329 854.94
792 22.97 364 1029.29
793 22.43 232 664.93
794 32.68 156 436.25
795 23.64 161 370.30
796 39.23 349 630.19
797 35.44 999 1165.03
798 34.14 999 1716.74
799 33.12 213 440.23
800 53.87 256 653.09
801 33.01 569 1317.59
802 37.52 243 570.57
803 41.92 999 1719.57
804 37.77 703 1415.43
805 25.31 155 432.69
806 32.25 999 1547.37
807 32.43 999 1560.12
808 37.12 999 1653.54
809 34.76 116 260.40
810 26.47 112 244.68
811 48.14 132 304.18
812 26.30 200 430.26
813 32.30 294 837.18
814 37.09 407 992.80
815 35.30 999 1568.91
816 43.88 292 682.70
817 27.57 476 1014.76
818 34.36 371 891.48
819 40.43 807 1754.79
820 34.59 168 407.08
821 43.60 334 990.07
822 39.65 325 776.32
823 37.76 511 1052.66
824 29.51 744 1154.64
825 34.85 924 1235.54
826 27.67 436 1082.67
827 39.64 109 254.44
828 54.29 508 1230.88
829 34.27 435 1114.08
830 35.23 440 1105.37
831 29.98 390 950.91
832 38.68 999 2052.11
833 33.55 642 1468.83
834 51.45 286 801.08
835 44.52 999 2172.21
836 40.92 999 1324.19
837 40.07 999 1666.88
838 34.04 95 182.07
839 31.39 999 2141.10
840 30.85 999 2514.29
841 28.27 99 117.78
842 49.79 999 2078.28
843 35.40 929 2028.94
844 42.09 999 2269.97
845 48.81 124 323.70
846 71.57 137 318.26
847 46.58 543 1306.26
848 46.80 999 2577.55
849 52.05 364 890.30
850 30.47 192 587.79
851 50.26 115 247.88
852 83.18 102 223.27
853 31.66 127 314.51
854 27.78 165 386.04
855 39.28 536 1447.04
856 36.34 999 2107.86
857 40.30 643 1802.64
858 35.69 729 1889.62
859 43.18 127 283.69
860 37.43 999 2649.79
861 38.53 446 1301.40
862 29.93 301 868.69
863 41.80 638 1459.28
864 38.32 715 2012.23
865 24.53 115 251.27
866 25.48 182 410.06
867 43.54 186 566.17
868 92.16 109 245.41
869 48.99 212 484.17
870 43.57 999 2031.33
871 46.10 224 278.06
872 49.91 518 643.83
873 55.67 131 279.92
874 42.33 123 251.29
875 34.25 120 289.17
876 41.08 116 245.28
877 72.19 106 218.25
878 69.81 103 215.90
879 56.24 187 507.70
880 76.86 289 796.96
881 39.27 116 246.58
882 51.87 569 1348.07
883 47.71 999 1892.04
884 29.05 115 243.64
885 75.26 128 276.55
886 37.50 125 274.34
887 48.07 127 280.51
888 25.17 101 214.24
889 24.16 121 275.88
890 41.10 127 300.87
891 24.38 122 269.66
892 67.44 154 412.78
893 24.70 162 425.64
894 34.55 455 1360.25
895 46.62 219 483.78
896 53.59 573 1635.41
897 52.42 170 504.90
898 62.06 303 864.92
899 60.19 200 575.80
900 52.41 815 1339.23
901 38.17 597 1366.16
902 31.43 341 726.76
903 46.77 206 434.15
904 19.51 135 300.92
905 38.06 115 261.57
906 47.82 100 213.95
907 22.93 118 268.01
908 18.87 104 227.54
909 34.30 119 249.75
910 18.59 103 219.82
911 43.29 176 419.07
912 36.73 126 304.06
913 27.93 114 264.46
914 30.50 999 2306.84
915 39.88 103 227.01
916 53.03 101 217.10
917 24.35 102 222.84
918 26.73 134 339.31
919 44.20 125 263.14
920 24.37 105 227.65
921 32.51 123 300.14
922 47.38 138 314.14
923 27.97 130 289.79
924 21.06 123 273.01
925 25.13 177 473.54
926 46.02 417 1245.46
927 35.60 146 364.82
928 37.31 999 2425.93
929 46.30 999 2491.16
930 19.22 118 266.49
931 39.59 335 840.78
932 36.85 927 2392.80
933 28.57 230 486.85
934 24.35 128 213.78
935 43.38 91 141.76
936 41.24 405 1011.96
937 38.45 123 265.69
938 29.27 145 348.69
939 63.71 104 233.09
940 45.32 218 607.15
941 54.68 209 486.44
942 38.93 115 248.10
943 24.58 123 281.51
944 43.62 877 2539.29
945 22.77 102 214.44
946 32.51 532 1545.85
947 44.06 634 1740.68
948 37.23 643 1267.91
949 48.77 378 1164.34
950 29.47 529 1461.02
951 24.57 141 325.44
952 41.41 187 472.66
953 40.98 209 497.17
954 28.59 292 704.56
955 59.22 136 328.17
956 40.73 167 428.68
957 41.23 570 1628.73
958 29.95 106 151.53
959 48.31 407 780.20
960 70.14 131 353.18
961 36.01 935 2708.03
962 37.92 454 1017.05
963 21.38 115 234.51
964 26.43 97 185.44
965 40.22 815 2069.96
966 55.56 999 2696.58
967 37.40 809 1870.97
968 38.38 427 1181.35
969 27.15 159 414.70
970 33.32 329 988.69
971 44.51 301 872.73
972 46.67 513 1503.87
973 40.91 698 2057.94
974 51.57 285 882.24
975 37.49 484 1466.81
976 50.51 538 1284.08
977 39.18 685 2068.34
978 34.81 336 1039.39
979 36.42 192 559.19
980 63.67 116 259.07
981 42.67 100 219.94
982 61.30 185 582.92
983 55.26 200 630.60
984 29.45 272 882.17
985 30.41 226 712.92
986 38.28 129 350.02
987 47.40 999 2784.18
988 37.43 646 1930.32
989 37.60 481 1496.52
990 42.55 805 2174.66
991 49.79 918 2469.57
992 39.85 134 260.55
993 61.41 159 263.96
994 48.62 502 1452.20
995 39.71 237 548.64
996 39.46 218 528.58
997 42.87 177 440.19
998 25.16 348 1066.82
999 45.13 416 1310.78
1000 34.51 371 1146.37
1001 52.95 401 1247.16
1002 24.48 375 1139.00
1003 45.22 318 983.25
1004 68.63 150 374.16
1005 38.43 25 44.37
1006 74.73 26 46.10
1007 53.33 358 1041.44
1008 49.06 498 1493.87
1009 65.75 244 650.22
1010 33.70 262 752.51
1011 55.39 484 1513.69
1012 63.74 303 933.74
1013 37.57 288 940.42
1014 48.01 278 899.22
1015 33.93 358 1164.10
1016 35.84 381 1125.18
1017 35.83 727 2127.65
1018 41.42 599 1915.79
1019 53.03 270 699.38
1020 48.25 294 826.50
1021 44.66 921 2711.07
1022 60.82 267 786.06
1023 55.20 163 514.71
1024 68.75 275 861.62
1025 116.78 148 352.61
1026 47.86 243 740.82
1027 54.04 270 901.01
1028 27.23 213 666.15
1029 42.59 999 2937.95
1030 56.52 131 280.55
1031 50.00 999 2643.67
1032 49.73 393 921.17
1033 48.91 442 822.90
1034 51.04 665 1270.92
1035 59.01 782 1759.43
1036 48.73 999 3074.76
1037 54.25 128 219.78
1038 35.60 121 204.43
1039 56.16 115 178.19
1040 48.31 999 2858.16
1041 55.65 456 1304.54
1042 41.99 225 671.86
1043 65.74 999 2566.32
1044 64.93 334 1034.47
1045 50.02 240 659.21
1046 64.24 417 1089.29
1047 57.40 481 1223.99
1048 48.49 412 1047.07
1049 45.14 393 1026.23
1050 70.89 253 595.19
1051 52.07 763 2416.58
1052 69.10 526 1595.29
1053 23.91 288 897.55
1054 74.18 169 379.54
1055 51.86 354 1133.12
1056 57.10 378 1246.86
1057 47.59 277 839.95
1058 46.12 186 453.10
1059 53.88 999 3181.12
1060 50.79 493 1556.37
1061 86.80 220 436.97
1062 61.19 408 1209.95
1063 66.77 164 373.90
1064 61.96 305 887.94
1065 52.19 337 1046.02
1066 40.76 243 718.60
1067 39.12 318 1008.27
1068 71.53 598 1774.97
1069 163.20 16 16.83
1070 27.66 15 15.35
1071 133.42 17 18.44
1072 34.14 18 20.33
1073 119.06 28 35.64
1074 62.27 386 1181.77
1075 45.27 99 211.51
1076 46.79 262 664.92
1077 50.23 368 1174.63
1078 58.49 456 1317.27
1079 62.80 999 2622.70
1080 62.83 754 2063.46
1081 73.92 901 2586.08
1082 61.58 646 1966.86
1083 56.98 122 308.36
1084 95.89 196 485.34
1085 51.01 74 147.52
1086 81.61 242 771.66
1087 45.31 336 874.22
1088 47.81 485 1388.20
1089 86.47 472 1465.24
1090 60.18 366 1213.00
1091 49.97 999 2664.00
1092 56.93 460 1412.48
1093 81.71 268 750.90
1094 31.98 196 542.83
1095 44.20 962 3039.83
1096 63.82 999 2703.50
1097 62.36 499 1245.45
1098 58.25 565 1814.46
1099 62.15 274 909.05
1100 48.18 999 2885.04
1101 54.51 534 1070.42
1102 39.92 395 1063.83
1103 64.47 640 1848.51
1104 55.92 161 357.18
1105 46.52 193 383.84
1106 63.02 999 2638.65
1107 102.37 171 497.84
1108 86.30 288 951.50
1109 76.12 999 2667.30
1110 56.57 867 2228.42
1111 80.45 315 1000.02
1112 88.51 227 722.95
1113 59.29 291 927.78
1114 80.30 282 931.74
1115 62.06 855 2676.95
1116 66.25 544 1764.16
1117 52.56 527 1692.02
1118 71.53 730 1989.80
1119 66.07 146 318.28
1120 68.52 137 333.08
1121 77.99 269 834.48
1122 32.37 214 627.70
1123 65.87 698 1969.51
1124 61.12 186 472.53
1125 22.57 92 179.05
1126 50.53 255 653.06
1127 64.18 803 1624.78
1128 51.40 264 721.53
1129 52.30 373 1238.82
1130 58.85 467 1361.64
1131 68.29 544 1644.91
1132 135.45 58 105.91
1133 53.54 392 1177.92
1134 81.41 420 1282.11
1135 55.98 90 159.52
1136 71.13 306 955.85
1137 31.80 123 215.23
1138 25.89 121 210.50
1139 95.59 213 648.30
1140 24.65 113 176.10
1141 78.71 360 1145.30
1142 66.10 999 3009.87
1143 66.41 238 707.01
1144 78.43 147 118.39
1145 25.77 137 271.93
1146 41.35 137 272.05
1147 72.50 721 2046.68
1148 81.54 132 258.01
1149 64.18 518 1564.31
1150 77.24 608 1907.85
1151 78.92 387 1172.56
1152 65.59 346 1084.14
1153 62.75 240 705.07
1154 52.90 461 1483.09
1155 45.56 156 299.79
1156 76.39 429 1264.08
1157 60.99 999 2768.73
1158 67.55 335 836.45
1159 43.50 98 189.66
1160 63.84 298 870.27
1161 60.71 407 1179.76
1162 80.76 128 292.02
1163 54.07 400 1193.91
1164 110.10 341 1011.91
1165 60.05 242 713.86
1166 28.71 206 591.65
1167 53.19 266 841.91
1168 70.38 403 1173.01
1169 50.32 299 901.82
1170 56.86 794 2456.97
1171 45.83 390 1184.33
1172 57.82 378 1208.96
1173 66.52 376 1190.33
1174 72.58 453 1189.85
1175 59.21 999 3237.91
1176 82.70 423 1284.71
1177 39.15 217 608.88
1178 93.28 255 728.58
1179 64.60 790 2505.05
1180 103.52 124 204.91
1181 25.13 126 242.74
1182 66.87 231 557.21
1183 81.26 305 859.95
1184 70.15 340 1027.54
1185 63.67 349 1053.69
1186 80.87 373 1101.37
1187 57.62 214 631.51
1188 98.05 272 864.26
1189 104.73 200 619.59
1190 85.18 243 708.72
1191 72.54 226 614.07
1192 50.93 338 1118.85
1193 68.18 239 713.61
1194 61.70 209 533.38
1195 77.70 277 843.75
1196 74.08 669 2025.11
1197 69.78 386 1105.79
1198 56.13 152 310.32
1199 105.72 186 267.20
1200 144.11 15 15.75
1201 55.41 142 250.44
1202 70.21 993 2520.74
1203 71.33 338 982.67
1204 60.31 489 1495.20
1205 57.19 158 450.11
1206 76.51 231 686.17
1207 58.21 225 663.18
1208 67.03 836 2358.26
1209 83.23 464 1273.25
1210 108.51 184 312.97
1211 52.13 127 225.36
1212 76.25 372 1152.87
1213 74.11 699 2078.65
1214 88.92 292 886.44
1215 41.52 327 973.99
1216 96.42 319 984.32
1217 56.92 346 1027.40
1218 88.45 279 856.06
1219 74.11 341 1125.71
1220 47.65 242 686.30
1221 68.70 328 1012.71
1222 62.72 393 954.67
1223 52.32 118 216.67
1224 68.02 831 2465.48
1225 62.47 500 1334.05
1226 40.95 146 326.95
1227 68.33 274 761.81
1228 85.53 218 579.74
1229 66.13 302 792.03
1230 77.90 446 1256.48
1231 76.41 125 284.09
1232 85.40 218 643.08
1233 44.69 215 566.67
1234 29.69 310 783.44
1235 81.86 376 1084.20
1236 49.35 497 1498.02
1237 44.98 216 541.92
1238 85.68 280 866.94
1239 69.21 220 716.18
1240 27.92 143 334.69
1241 63.38 366 1196.53
1242 58.98 303 961.20
1243 56.49 347 1062.51
1244 56.35 333 1032.10
1245 54.26 263 792.23
1246 52.05 266 865.73
1247 40.34 311 960.33
1248 42.27 270 863.19
1249 84.85 264 886.10
1250 47.47 440 1375.76
1251 93.80 249 703.97
1252 69.94 381 1196.32
1253 40.75 128 260.39
1254 62.00 299 936.19
1255 30.42 124 237.55
1256 26.23 124 231.42
1257 75.11 476 1192.69
1258 75.61 552 1638.33
1259 82.59 283 828.25
1260 77.58 280 866.34
1261 83.06 210 637.27
1262 72.21 200 605.01
1263 71.86 213 690.60
1264 84.79 253 835.97
1265 54.02 202 622.36
1266 43.72 243 777.49
1267 67.66 202 635.09
1268 46.71 210 672.75
1269 87.26 180 549.12
1270 49.46 269 831.63
1271 44.86 272 920.13
1272 60.53 275 867.35
1273 76.27 223 722.23
1274 92.12 218 696.68
1275 34.90 292 943.03
1276 66.05 378 1214.27
1277 59.33 271 896.62
1278 56.33 248 765.98
1279 50.16 153 355.46
1280 65.22 314 859.58
1281 70.13 707 2139.41
1282 66.99 372 1086.89
1283 66.52 439 1387.12
1284 50.79 343 1128.15
1285 57.46 346 1136.65
1286 68.55 286 884.18
1287 53.22 342 1052.85
1288 39.04 67 130.31
1289 69.95 445 1429.51
1290 54.16 521 1695.71
1291 55.61 719 2262.68
1292 75.87 246 612.67
1293 58.36 243 729.02
1294 79.42 238 695.21
1295 74.29 229 744.01
1296 68.15 529 1758.72
1297 56.26 372 1166.08
1298 79.54 271 809.76
1299 77.27 156 379.53
1300 63.97 223 702.67
1301 41.61 264 897.04
1302 31.37 219 697.43
1303 65.38 286 952.74
1304 72.51 246 709.03
1305 41.05 240 767.68
1306 41.67 277 857.32
1307 53.52 319 971.23
1308 48.09 299 943.29
1309 49.64 231 730.31
1310 44.69 220 674.61
1311 49.56 314 1007.72
1312 34.93 292 947.34
1313 37.28 419 1297.68
1314 60.61 428 1270.21
1315 22.25 184 475.28
1316 90.50 218 651.00
1317 73.48 291 884.32
1318 61.93 256 768.79
1319 78.89 354 1118.00
1320 73.56 313 956.93
1321 39.51 287 983.27
1322 31.22 349 1061.24
1323 68.60 225 656.83
1324 36.68 248 732.97
1325 46.90 201 600.60
1326 42.70 761 2494.56
1327 55.29 365 1206.28
1328 53.40 234 689.78
1329 26.44 232 741.59
1330 54.89 230 706.06
1331 35.73 204 626.52
1332 79.94 241 763.91
1333 77.34 218 670.38
1334 52.61 161 455.49
1335 48.30 227 680.50
1336 53.27 428 1438.81
1337 46.31 490 1441.90
1338 28.62 170 419.15
1339 66.54 180 423.61
1340 28.70 164 408.88
1341 43.72 223 619.26
1342 63.51 264 841.60
1343 28.45 206 665.15
1344 54.77 328 1088.06
1345 50.10 278 910.26
1346 45.23 670 2277.82
1347 72.17 255 760.86
1348 56.40 488 1432.16
1349 53.68 999 2550.02
1350 43.81 363 1167.18
1351 95.04 231 754.44
1352 45.32 209 666.54
1353 34.21 278 924.20
1354 44.55 240 789.69
1355 47.59 251 831.91
1356 47.76 258 829.60
1357 52.48 289 950.83
1358 47.64 304 959.77
1359 67.15 246 789.49
1360 54.00 158 381.41
1361 66.57 146 354.65
1362 59.47 203 613.89
1363 63.75 265 806.73
1364 48.55 447 1335.36
1365 51.68 336 1086.65
1366 54.92 999 2722.99
1367 50.89 198 616.88
1368 71.63 240 771.16
1369 63.28 238 729.76
1370 54.28 486 1573.29
1371 41.40 364 1158.13
1372 57.90 284 910.51
1373 66.37 322 1039.16
1374 53.15 307 986.25
1375 46.54 376 1233.73
1376 61.12 267 853.78
1377 31.26 280 930.32
1378 31.00 156 435.10
1379 45.52 217 658.77
1380 70.32 221 660.04
1381 40.09 289 918.96
1382 43.62 804 2394.87
1383 51.75 999 2452.89
1384 37.24 358 1185.78
1385 51.12 247 820.29
1386 50.19 263 869.76
1387 56.69 277 769.34
1388 36.11 375 1180.45
1389 59.55 264 856.38
1390 59.65 256 818.95
1391 69.05 245 788.93
1392 66.35 367 1140.14
1393 42.41 903 2793.04
1394 25.06 198 513.66
1395 49.24 295 972.03
1396 46.54 288 923.37
1397 44.29 999 2960.91
1398 40.76 207 656.85
1399 56.21 208 659.13
1400 47.75 256 845.43
1401 29.83 237 742.55
1402 68.98 216 695.59
1403 36.37 455 1440.95
1404 52.29 457 1359.31
1405 34.74 628 1793.24
1406 40.54 999 3042.42
1407 37.95 334 1068.16
1408 49.92 304 937.83
1409 32.23 375 1172.01
1410 49.66 284 918.66
1411 47.55 279 885.04
1412 58.64 328 1021.35
1413 59.66 263 851.04
1414 30.94 292 936.40
1415 46.69 404 1289.37
1416 60.79 701 2062.88
1417 33.38 361 1077.12
1418 50.09 223 719.51
1419 47.62 221 723.59
1420 39.11 292 932.89
1421 68.83 226 698.13
1422 33.95 324 1015.18
1423 42.59 528 1596.17
1424 57.84 396 1111.99
1425 40.62 196 555.87
1426 44.41 544 1522.82
1427 50.14 463 1501.12
1428 46.04 315 1016.18
1429 58.43 97 207.31
1430 53.04 120 295.31
1431 57.67 187 569.48
1432 24.88 103 223.17
1433 43.94 605 1769.43
1434 29.73 206 623.65
1435 36.50 259 716.14
1436 30.16 245 739.60
1437 67.92 188 554.19
1438 28.95 415 1339.89
1439 37.19 275 884.13
1440 36.30 83 162.10
1441 52.60 264 868.94
1442 30.90 81 168.29
1443 57.44 75 144.68
1444 43.55 540 1618.15
1445 62.16 83 164.70
1446 56.71 303 901.03
1447 54.90 215 686.16
1448 61.69 250 826.27
1449 22.10 297 950.93
1450 59.88 999 3045.21
1451 50.62 800 2212.47
1452 57.16 301 977.96
1453 39.18 342 1108.82
1454 53.83 513 1553.86
1455 60.68 274 862.57
1456 50.48 808 2448.91
1457 45.54 309 947.61
1458 51.20 285 866.51
1459 53.64 284 909.71
1460 59.44 165 499.65
1461 64.81 197 592.70
1462 26.71 162 509.01
1463 58.19 230 748.99
1464 35.75 308 1028.09
1465 51.95 999 2975.56
1466 36.37 157 441.58
1467 38.97 259 838.03
1468 44.35 238 775.28
1469 36.66 300 916.38
1470 80.92 328 999.83
1471 56.75 338 1026.18
1472 50.80 365 1169.65
1473 56.48 782 2416.42
1474 43.40 668 2042.98
1475 44.35 250 590.93
1476 44.28 288 819.29
1477 46.33 668 2089.72
1478 24.64 162 453.68
1479 62.12 422 1329.88
1480 28.92 310 959.20
1481 37.48 337 1102.81
1482 26.73 213 653.59
1483 46.37 254 853.22
1484 26.84 21 11.67
1485 39.98 266 847.97
1486 36.60 304 923.54
1487 50.95 586 1894.86
1488 31.91 220 646.61
1489 42.26 302 965.41
1490 31.31 999 2860.28
1491 35.72 157 419.79
1492 54.67 254 848.94
1493 43.85 267 919.57
1494 66.67 246 806.62
1495 67.41 97 207.96
1496 28.45 211 645.55
1497 46.65 378 1268.11
1498 36.15 448 1500.10
1499 41.86 660 2131.12
1500 32.98 580 1672.29
1501 29.18 324 1095.39
1502 34.66 279 924.11
1503 40.11 292 968.14
1504 34.41 251 822.06
1505 23.24 257 834.63
1506 28.45 308 996.47
1507 59.93 289 901.72
1508 40.20 430 1407.64
1509 36.32 203 645.53
1510 35.39 233 783.71
1511 37.10 658 2176.42
1512 20.12 326 1022.66
1513 31.94 547 1755.27
1514 33.09 999 2933.70
1515 21.47 216 672.96
1516 38.49 303 1070.22
1517 36.36 342 1139.31
1518 49.01 390 1357.98
1519 24.20 422 1332.60
1520 30.81 412 1331.80
1521 29.43 363 1196.07
1522 24.79 229 750.97
1523 23.03 279 955.21
1524 32.30 568 1860.75
1525 37.87 481 1507.78
1526 28.32 311 1046.34
1527 50.93 272 886.10
1528 38.19 245 823.92
1529 48.36 243 803.13
1530 37.58 352 1153.61
1531 31.96 394 1153.06
1532 25.50 436 1329.35
1533 36.91 479 1003.59
1534 33.00 309 997.90
1535 18.47 374 1237.61
1536 29.33 299 1004.51
1537 45.24 307 957.32
1538 39.94 314 944.26
1539 33.78 528 1703.84
1540 27.91 265 895.27
1541 36.78 934 2426.67
1542 30.98 315 1058.75
1543 43.17 290 986.64
1544 31.90 287 986.65
1545 30.74 471 1544.63
1546 19.54 318 1110.09
1547 42.16 389 1352.77
1548 19.25 135 238.35
1549 19.39 130 226.60
1550 62.95 187 349.74
1551 22.66 70 127.11
1552 22.05 110 237.25
1553 51.12 94 197.30
1554 54.91 96 210.49
1555 22.79 150 339.11
1556 26.24 281 835.23
1557 21.21 129 327.87
1558 25.70 131 337.88
1559 30.19 281 878.78
1560 32.36 363 1273.47
1561 48.84 266 926.37
1562 40.69 320 1078.19
1563 30.38 361 1154.21
1564 36.18 999 2558.81
1565 37.81 285 950.95
1566 35.84 999 3047.31
1567 48.33 514 1666.46
1568 32.61 287 973.88
1569 29.23 239 784.30
1570 48.98 297 1037.13
1571 31.76 456 1374.45
1572 26.74 531 1706.11
1573 32.20 352 1230.52
1574 43.24 361 1256.68
1575 35.80 369 1102.43
1576 19.18 403 1350.25
1577 35.88 251 642.76
1578 29.90 498 1268.11
1579 39.06 351 1123.72
1580 60.39 102 223.47
1581 21.17 293 934.56
1582 31.43 391 1330.90
1583 37.86 354 1221.74
1584 41.65 444 1438.77
1585 19.95 269 831.83
1586 31.79 327 1091.70
1587 42.33 239 778.07
1588 31.68 134 311.43
1589 25.66 523 1746.13
1590 34.02 271 861.49
1591 37.91 248 697.47
1592 38.91 286 981.76
1593 27.61 222 718.96
1594 25.52 248 833.28
1595 48.24 281 870.15
1596 24.19 528 1746.36
1597 44.96 402 1277.14
1598 51.98 112 272.51
1599 61.73 106 251.81
1600 57.02 111 272.14
1601 57.03 298 995.08
1602 23.83 292 944.99
1603 33.98 313 895.58
1604 28.32 525 1783.24
1605 61.44 693 2246.28
1606 29.44 323 1071.49
1607 38.79 595 1969.26
1608 30.50 136 221.33
1609 25.42 632 2072.39
1610 36.00 233 770.24
1611 59.89 390 1320.22
1612 42.48 348 1104.90
1613 48.73 284 914.56
1614 41.90 353 1139.56
1615 59.79 349 1230.91
1616 58.80 277 821.55
1617 31.98 457 1415.12
1618 41.49 224 738.37
1619 41.31 368 1204.07
1620 43.17 286 953.66
1621 32.77 235 558.78
1622 33.76 930 2705.66
1623 39.00 304 1025.64
1624 76.70 122 235.28
1625 35.23 234 762.65
1626 41.35 179 432.37
1627 39.76 324 1086.08
1628 41.15 386 1205.62
1629 44.57 327 1085.86
1630 28.30 323 1035.83
1631 41.25 271 855.93
1632 19.88 292 1010.11
1633 18.49 251 692.83
1634 36.41 246 698.42
1635 19.16 49 85.91
1636 66.26 82 126.26
1637 23.47 70 113.32
1638 58.48 492 1195.59
1639 24.09 379 1250.19
1640 47.13 398 1188.72
1641 66.97 290 887.59
1642 39.73 281 860.45
1643 36.73 423 1436.60
1644 138.76 82 164.91
1645 62.73 303 979.51
1646 39.75 335 1097.89
1647 54.94 299 900.27
1648 56.51 100 167.09
1649 37.57 315 874.39
1650 56.78 545 1424.35
1651 59.48 491 1176.80
1652 39.36 41 74.82
1653 83.50 284 884.29
1654 46.66 239 772.73
1655 66.14 319 1115.37
1656 44.29 342 1151.30
1657 88.50 321 1024.04
1658 27.68 43 62.50
1659 114.72 41 58.95
1660 34.57 38 53.96
1661 30.20 47 71.89
1662 64.04 216 556.29
1663 87.28 391 1130.76
1664 62.54 312 921.28
1665 78.64 369 1082.86
1666 72.37 326 857.72
1667 115.62 271 590.63
1668 64.37 116 222.03
1669 116.00 181 549.47
1670 58.14 272 785.83
1671 39.33 239 779.21
1672 66.41 350 1241.06
1673 46.99 498 1584.02
1674 34.94 248 781.27
1675 21.87 206 638.08
1676 69.52 407 1295.80
1677 70.01 179 576.06
1678 62.84 312 1019.87
1679 80.37 665 1881.36
1680 86.72 211 303.44
1681 80.36 921 2095.74
1682 67.18 999 3161.37
1683 55.23 303 936.85
1684 93.06 692 1997.23
1685 52.55 286 822.04
1686 49.74 124 288.59
1687 87.88 415 1159.44
1688 80.17 319 1020.20
1689 76.38 437 1464.06
1690 71.88 999 3166.98
1691 102.80 231 648.27
1692 87.92 515 1646.40
1693 60.96 547 1945.98
1694 67.93 297 917.90
1695 86.93 288 987.73
1696 73.95 407 1206.29
1697 67.42 458 1478.53
1698 52.71 225 802.05
1699 69.80 676 2126.26
1700 45.13 584 1568.95
1701 89.52 999 3031.83
1702 52.80 309 1038.01
1703 56.48 353 1202.29
1704 37.66 321 1084.59
1705 68.80 405 1242.39
1706 67.57 466 1332.44
1707 73.76 737 2348.67
1708 72.12 134 342.03
1709 99.68 623 2058.40
1710 45.96 335 1116.15
1711 64.14 355 1284.18
1712 60.99 293 913.35
1713 74.68 694 2120.45
1714 85.22 999 3140.05
1715 54.51 999 2985.37
1716 76.90 295 961.11
1717 58.80 581 1808.91
1718 56.66 99 241.72
1719 51.65 80 185.10
1720 97.40 87 198.83
1721 54.33 308 955.47
1722 60.30 999 2916.09
1723 92.39 516 1804.89
1724 81.44 279 948.20
1725 52.35 369 1110.85
1726 72.58 395 1305.93
1727 66.30 291 773.20
1728 88.54 192 495.04
1729 70.29 470 1592.77
1730 61.33 345 1092.98
1731 48.76 180 559.21
1732 55.24 377 1316.43
1733 53.82 201 667.68
1734 90.39 293 1029.95
1735 58.05 635 2055.19
1736 70.68 380 1293.27
1737 64.66 654 2288.98
1738 39.03 167 537.45
1739 51.09 282 914.77
1740 98.23 107 284.91
1741 49.25 178 581.22
1742 49.31 262 783.71
1743 73.92 469 1604.73
1744 34.79 251 834.63
1745 98.84 341 1209.04
1746 74.22 308 983.23
1747 74.09 466 1351.20
1748 75.09 518 1777.53
1749 107.62 117 330.06
1750 56.98 285 918.04
1751 45.91 314 1111.65
1752 56.23 376 1074.46
1753 52.07 285 935.84
1754 58.40 568 1776.04
1755 46.41 300 903.65
1756 64.14 293 828.31
1757 88.96 481 1525.35
1758 50.64 377 1218.74
1759 51.06 242 768.68
1760 63.05 257 856.34
1761 47.93 588 2065.82
1762 44.78 386 1224.30
1763 112.45 184 516.08
1764 74.40 427 1512.52
1765 68.06 280 961.75
1766 68.58 317 1081.24
1767 70.50 300 876.52
1768 80.08 404 1309.58
1769 50.25 648 2249.57
1770 30.09 89 206.76
1771 65.73 253 819.74
1772 65.76 65 132.68
1773 74.20 162 530.92
1774 34.78 175 572.06
1775 68.07 323 966.80
1776 45.62 277 831.54
1777 43.84 356 1225.91
1778 42.36 265 910.03
1779 60.23 413 1449.30
1780 56.03 251 819.39
1781 88.56 392 1289.81
1782 61.20 351 1320.94
1783 65.65 316 1099.68
1784 37.78 299 1010.70
1785 83.23 366 1280.41
1786 54.75 703 2449.86
1787 18.33 25 32.25
1788 57.64 350 1263.30
1789 83.56 276 964.65
1790 81.54 999 3146.94
1791 75.93 306 1095.10
1792 79.44 338 1161.52
1793 61.27 391 1345.01
1794 94.48 455 1322.56
1795 75.74 374 1316.52
1796 71.24 302 1022.24
1797 59.77 364 1227.88
1798 48.77 359 1148.27
1799 97.24 386 1318.90
1800 109.52 524 1672.54
1801 87.61 599 1803.69
1802 32.04 170 474.18
1803 102.99 291 1001.30
1804 84.59 38 70.24
1805 76.97 182 572.45
1806 33.72 49 92.49
1807 83.97 491 1660.68
1808 47.71 311 1051.49
1809 107.55 317 1060.53
1810 64.82 364 1254.06
1811 61.95 308 1101.10
1812 77.31 637 2188.11
1813 72.91 904 2763.97
1814 78.30 582 2023.99
1815 72.76 488 1608.36
1816 60.01 329 1143.71
1817 71.31 472 1690.64
1818 72.41 596 2116.95
1819 89.47 122 292.92
1820 65.29 999 3079.43
1821 59.21 999 3328.49
1822 67.35 999 3232.96
1823 42.41 190 471.89
1824 74.52 290 861.91
1825 69.88 501 1793.47
1826 81.10 270 927.95
1827 66.06 355 1202.82
1828 81.53 304 1026.19
1829 105.95 278 941.07
1830 71.73 387 1351.28
1831 59.02 341 1090.31
1832 69.99 299 901.80
1833 129.24 192 560.18
1834 70.63 428 1355.24
1835 54.75 190 499.34
1836 60.94 999 3368.61
1837 79.62 753 2545.94
1838 41.86 440 1536.59
1839 53.80 517 1755.50
1840 68.77 743 2561.12
1841 70.45 411 1438.66
1842 65.93 733 2532.30
1843 97.99 295 1038.03
1844 52.77 818 2880.45
1845 88.40 534 1846.78
1846 98.25 354 1189.96
1847 69.91 327 1110.50
1848 73.38 512 1446.71
1849 73.89 999 2776.44
1850 78.19 302 1012.68
1851 78.72 789 2750.08
1852 88.32 372 1236.32
1853 76.88 999 3158.09
1854 83.89 685 2297.20
1855 67.58 520 1805.96
1856 58.58 394 1391.44
1857 51.54 767 2496.11
1858 61.46 408 1205.14
1859 56.20 446 1521.29
1860 52.58 999 3387.93
1861 55.84 721 2461.05
1862 60.40 337 1211.17
1863 25.92 263 935.28
1864 93.69 418 1479.25
1865 67.01 344 1240.14
1866 70.41 272 927.33
1867 55.72 373 1250.17
1868 62.68 745 2471.35
1869 69.19 349 1230.75
1870 52.86 248 895.89
1871 68.16 298 1059.38
1872 63.72 539 1659.98
1873 50.01 593 2018.07
1874 61.20 354 1186.09
1875 45.41 844 2861.91
1876 88.47 202 671.14
1877 29.71 421 1477.77
1878 57.06 271 964.86
1879 54.09 251 905.18
1880 44.35 604 2035.47
1881 60.89 243 826.99
1882 40.05 361 1212.83
1883 56.33 222 671.85
1884 36.63 296 1003.41
1885 74.64 327 1137.34
1886 44.36 468 1687.66
1887 37.79 466 1672.49
1888 52.91 379 1245.44
1889 60.19 999 3424.30
1890 34.78 302 1059.92
1891 46.80 307 1113.12
1892 65.16 260 953.95
1893 53.61 240 894.41
1894 33.35 347 1263.02
1895 59.94 741 2561.44
1896 38.56 999 3470.76
1897 49.19 999 3371.00
1898 19.14 219 726.94
1899 41.56 501 1683.69
1900 30.77 269 965.97
1901 43.59 294 1052.43
1902 48.66 805 2870.44
1903 40.12 289 1043.96
1904 20.53 249 856.99
1905 26.89 300 1023.94
1906 30.64 431 1512.79
1907 29.54 393 1325.76
1908 21.29 306 1104.90
1909 25.86 815 2797.35
1910 23.46 375 1292.89
1911 16.76 133 302.49
1912 29.53 429 1524.06
1913 24.69 419 1475.39
1914 38.23 438 1491.62
1915 18.88 847 3012.23
1916 22.30 222 766.30
1917 44.35 244 815.70
1918 30.74 315 1106.05
1919 26.53 538 1960.16
1920 29.04 413 1495.66
1921 38.00 292 971.55
1922 27.93 324 1136.63
1923 28.78 624 2226.03
1924 31.25 295 1040.63
1925 40.74 214 709.07
1926 37.62 215 698.38
1927 17.56 262 924.93
1928 38.96 453 1614.27
1929 23.53 271 958.73
1930 31.65 506 1727.14
1931 27.56 148 283.27
1932 31.02 139 260.54
1933 22.35 203 341.26
1934 30.49 125 239.51
1935 47.88 469 1646.59
1936 50.25 253 684.49
1937 25.88 403 1349.38
1938 15.44 221 725.63
1939 24.15 253 894.57
1940 31.36 293 1066.75
1941 31.54 329 1131.57
1942 29.16 467 1663.00
1943 35.34 235 802.23
1944 14.56 248 840.47
1945 16.31 414 1466.68
1946 27.38 282 925.81
1947 16.55 203 661.64
1948 24.57 999 3422.27
1949 22.55 605 2105.59
1950 22.89 327 1174.75
1951 25.69 258 809.79
1952 17.68 449 1578.41
1953 17.74 520 1960.38
1954 35.60 235 824.83
1955 19.81 999 3334.98
1956 25.25 999 3431.24
1957 26.95 244 866.43
1958 16.41 239 877.09
1959 19.86 286 1018.72
1960 20.89 306 1034.20
1961 14.51 225 785.30
1962 33.22 240 847.82
1963 17.42 208 688.76
1964 16.40 215 725.42
1965 20.81 316 1091.24
1966 35.38 335 1189.72
1967 22.77 930 3294.74
1968 14.23 265 881.55
1969 22.91 235 810.30
1970 10.35 213 709.13
1971 26.99 411 1490.15
1972 26.37 330 1151.86
1973 30.56 549 1918.02
1974 46.17 67 137.42
1975 24.20 279 935.30
1976 24.36 165 525.71
1977 16.02 14 13.82
1978 28.59 13 12.38
1979 42.02 12 10.45
1980 11.86 14 13.90
1981 13.31 14 14.07
1982 28.76 167 532.59
1983 15.67 161 517.87
1984 18.49 205 682.66
1985 22.73 211 681.16
1986 32.31 222 743.53
1987 20.03 213 640.67
1988 20.41 217 715.11
1989 36.38 300 1078.19
1990 21.87 304 1051.61
1991 34.32 440 1592.81
1992 29.49 731 2587.77
1993 29.23 467 1628.00
1994 33.18 286 908.15
1995 30.41 203 609.18
1996 38.56 522 1865.06
1997 46.44 200 635.35
1998 28.65 428 1505.23
1999 44.44 139 380.89
2000 28.01 999 2913.76
2001 24.86 559 1824.90
2002 25.13 353 1214.66
2003 15.88 999 3423.85
2004 19.65 299 1054.11
2005 23.80 256 859.90
2006 28.44 261 873.59
2007 18.91 228 780.33
2008 38.05 193 657.92
2009 28.65 446 1552.77
2010 20.41 361 1202.48
2011 37.15 343 1195.37
2012 19.16 450 1417.85
2013 19.91 360 1300.75
2014 18.91 595 2006.29
2015 19.84 779 2591.91
2016 29.87 114 288.03
2017 20.73 999 3402.89
2018 22.99 853 3078.55
2019 21.32 468 1712.31
2020 24.62 673 2262.38
2021 30.96 275 959.25
2022 21.10 180 565.99
2023 18.22 426 1527.56
2024 28.09 386 1326.77
2025 24.52 379 1243.31
2026 25.33 466 1667.98
2027 26.33 999 3061.17
2028 20.02 433 1590.45
2029 19.24 214 695.36
2030 16.16 222 724.55
2031 22.12 999 3361.56
2032 10.50 127 242.38
2033 22.54 999 3379.37
2034 22.42 400 1131.78
2035 24.19 80 158.54
2036 25.56 505 1569.16
2037 33.21 507 1659.16
2038 27.46 999 3436.64
2039 32.64 296 985.96
2040 29.80 244 846.11
2041 25.24 305 1043.58
2042 21.86 999 3157.37
2043 30.65 999 3232.37
2044 30.80 921 2924.66
2045 15.93 350 1236.81
2046 16.90 251 831.89
2047 34.47 434 1462.80
2048 21.54 999 3351.41
2049 21.78 999 3351.69
2050 34.45 98 229.07
2051 16.89 832 2933.83
2052 15.62 999 3219.38
2053 23.32 450 1440.07
2054 21.21 361 1302.42
2055 51.04 258 886.43
2056 15.32 86 191.48
2057 17.64 230 770.57
2058 29.20 242 900.89
2059 27.04 289 1044.74
2060 30.53 547 1954.75
2061 19.42 105 214.14
2062 26.35 399 1453.28
2063 27.32 773 2601.63
2064 25.20 999 3449.98
2065 13.29 69 155.29
2066 25.03 999 3395.39
2067 29.30 223 721.02
2068 40.01 271 955.43
2069 21.39 219 723.07
2070 32.70 270 923.45
2071 42.47 200 676.94
2072 38.97 468 1616.21
2073 63.37 276 973.03
2074 29.11 999 3166.35
2075 18.72 116 260.80
2076 43.18 182 457.28
2077 33.76 121 221.84
2078 17.50 127 275.41
2079 36.83 807 2767.12
2080 35.49 426 1526.27
2081 42.62 259 813.03
2082 27.30 703 2462.16
2083 38.95 482 1603.99
2084 37.98 571 1644.63
2085 32.30 129 296.02
2086 31.82 126 275.33
2087 39.16 999 3462.52
2088 38.43 414 1497.11
2089 55.73 493 1652.59
2090 23.67 230 662.52
2091 54.10 504 1602.72
2092 23.66 503 1691.72
2093 20.01 791 2748.73
2094 35.41 999 3166.18
2095 61.32 292 1026.25
2096 34.98 429 1492.51
2097 20.92 331 1063.24
2098 26.95 999 3313.48
2099 33.82 999 3296.58
2100 10.75 382 1315.77
2101 34.53 330 1176.08
2102 38.45 999 3438.62
2103 41.32 419 1371.27
2104 38.04 628 1921.61
2105 38.87 999 3232.04
2106 39.65 635 2178.01
2107 16.08 60 106.05
2108 39.95 417 1524.23
2109 33.11 388 1335.69
2110 29.36 999 3284.68
2111 50.68 363 1276.09
2112 46.42 346 1231.34
2113 29.23 999 3399.75
2114 29.44 147 452.15
2115 35.57 986 3123.18
2116 41.52 404 1449.35
2117 33.46 731 2584.25
2118 31.99 362 1251.71
2119 29.41 97 195.26
2120 31.83 999 3214.41
2121 27.37 661 2202.76
2122 43.56 527 1924.31
2123 40.44 619 2173.07
2124 31.37 635 2127.82
2125 36.07 467 1661.93
2126 35.28 909 3026.22
2127 33.53 628 2262.29
2128 31.03 286 993.42
2129 39.18 999 3409.74
2130 37.22 226 672.69
2131 60.59 832 2804.93
2132 63.84 367 1279.11
2133 48.76 999 3459.91
2134 24.17 223 723.37
2135 47.86 999 3528.24
2136 34.49 748 2645.54
2137 44.13 255 850.66
2138 48.54 999 3213.43
2139 33.23 348 1203.60
2140 35.37 999 3420.77
2141 45.98 818 2882.43
2142 24.60 490 1747.97
2143 17.75 364 1196.88
2144 33.56 999 3386.64
2145 23.38 342 1143.63
2146 24.01 999 3349.23
2147 53.51 285 1013.90
2148 42.07 152 445.78
2149 37.24 999 3397.59
2150 29.46 627 2164.30
2151 33.55 176 564.96
2152 34.18 337 1195.36
2153 17.58 200 624.83
2154 21.10 262 912.97
2155 46.63 196 653.02
2156 27.61 999 2987.30
2157 36.68 724 2391.18
2158 42.02 475 1455.02
2159 20.28 504 1705.93
2160 44.34 364 1248.34
2161 29.73 214 695.93
2162 58.23 164 497.87
2163 18.42 104 236.55
2164 19.45 101 223.94
2165 35.78 352 1223.81
2166 25.47 219 752.86
2167 20.74 859 2953.43
2168 30.95 307 854.54
2169 44.19 486 1590.42
2170 11.04 294 1021.74
2171 25.52 458 1650.76
2172 38.36 999 3389.02
2173 25.19 999 3427.70
2174 63.60 111 289.20
2175 25.28 180 583.02
2176 29.58 431 1559.21
2177 42.06 126 356.27
2178 41.94 377 1308.36
2179 41.93 357 1235.38
2180 17.59 379 1296.23
2181 15.01 184 628.38
2182 39.97 501 1715.44
2183 26.48 999 3382.99
2184 73.43 86 166.85
2185 40.05 781 2705.82
2186 12.48 129 356.37
2187 36.61 184 583.76
2188 25.49 772 2774.97
2189 22.48 494 1676.65
2190 39.47 863 2541.24
2191 33.03 129 274.20
2192 40.20 275 968.16
2193 17.61 238 818.21
2194 55.11 326 1150.15
2195 38.87 374 1359.75
2196 40.68 999 3188.05
2197 17.80 817 2867.50
2198 32.82 999 3468.12
2199 29.04 813 2854.87
2200 34.85 613 2132.16
2201 19.99 819 2679.98
2202 24.12 489 1660.78
2203 26.18 432 1557.99
2204 32.86 358 1275.79
2205 45.67 284 994.22
2206 29.06 279 933.01
2207 19.14 344 1262.78
2208 16.27 126 273.29
2209 62.41 418 1108.16
2210 25.45 567 1756.69
2211 32.95 262 761.80
2212 20.46 413 1350.00
2213 28.05 328 1129.96
2214 54.65 124 341.42
2215 46.32 89 163.17
2216 28.27 844 3006.55
2217 27.14 999 3342.57
2218 43.20 453 1604.58
2219 29.02 618 2003.77
2220 19.14 408 1363.71
2221 36.41 762 2717.99
2222 31.76 352 1234.11
2223 49.74 340 1183.01
2224 26.61 371 1370.33
2225 18.76 396 1388.62
2226 40.92 547 1890.10
2227 46.01 392 1274.13
2228 47.97 637 2069.68
2229 43.68 224 636.12
2230 28.28 245 768.78
2231 44.14 452 1570.72
2232 35.74 629 2226.45
2233 60.98 437 1572.12
2234 25.79 999 3450.04
2235 39.89 147 379.80
2236 46.55 411 1336.04
2237 25.21 369 1277.69
2238 25.01 906 3268.28
2239 30.21 368 1290.04
2240 47.82 481 1720.05
2241 35.42 605 2118.99
2242 42.58 507 1761.45
2243 29.39 503 1812.76
2244 56.24 293 911.82
2245 19.45 315 1077.95
2246 43.02 272 982.22
2247 12.96 693 2433.27
2248 36.85 384 1301.59
2249 43.36 214 666.54
2250 35.03 986 3448.80
2251 27.61 408 1467.14
2252 66.51 155 423.39
2253 12.98 456 1601.97
2254 43.54 428 1541.96
2255 21.97 119 310.66
2256 52.22 379 1206.30
2257 49.01 119 269.62
2258 18.71 20 32.16
2259 14.89 21 34.75
2260 12.93 35 62.43
2261 60.10 291 979.90
2262 21.41 336 1183.97
2263 31.90 542 1831.16
2264 34.50 553 1968.01
2265 31.20 387 1368.27
2266 26.51 907 3194.34
2267 33.86 380 1375.40
2268 17.77 293 960.19
2269 53.15 514 1813.86
2270 30.80 204 557.33
2271 34.87 461 1620.97
2272 43.70 335 1195.38
2273 43.26 553 2023.26
2274 22.18 439 1544.10
2275 57.67 234 722.13
2276 50.23 496 1669.85
2277 39.11 857 2921.24
2278 41.53 847 2811.05
2279 45.99 801 2794.40
2280 28.53 224 786.67
2281 63.71 275 921.56
2282 40.90 334 1211.98
2283 33.08 359 1297.52
2284 25.62 315 1078.78
2285 62.73 298 1036.90
2286 37.96 610 2126.58
2287 45.73 650 2202.61
2288 45.41 942 3013.57
2289 40.08 964 3446.02
2290 29.07 459 1658.06
2291 21.82 288 1001.66
2292 29.42 301 1027.27
2293 39.98 342 1147.34
2294 15.07 326 1111.48
2295 35.08 290 993.16
2296 23.46 278 942.17
2297 61.72 338 1132.97
2298 42.45 106 271.97
2299 16.66 161 487.61
2300 53.29 136 358.40
2301 38.05 100 233.22
2302 16.41 295 841.02
2303 27.96 434 1548.10
2304 35.50 532 1864.29
2305 41.96 412 1523.82
2306 21.20 340 1228.37
2307 57.43 200 665.24
2308 51.29 483 1763.27
2309 16.47 116 298.62
2310 52.14 139 400.46
2311 36.63 242 737.88
2312 67.15 352 1256.95
2313 25.24 402 1390.58
2314 38.49 273 949.98
2315 62.45 289 955.25
2316 41.99 248 847.12
2317 35.53 293 990.85
2318 30.35 964 3244.37
2319 49.41 443 1521.31
2320 30.73 358 1226.61
2321 40.79 543 1934.35
2322 53.62 878 2961.33
2323 41.07 357 1335.54
2324 59.86 275 930.78
2325 31.55 504 1758.44
2326 31.59 286 973.34
2327 14.00 275 925.02
2328 66.64 273 930.48
2329 43.54 328 1127.86
2330 18.58 265 951.08
2331 21.50 850 2899.82
2332 55.75 339 1175.12
2333 53.50 293 1001.75
2334 36.29 260 785.35
2335 35.34 501 1832.14
2336 70.56 362 1310.44
2337 25.19 316 1117.38
2338 20.21 341 1198.39
2339 16.04 105 259.34
2340 29.04 316 1127.08
2341 50.03 406 1417.83
2342 48.65 359 1285.99
2343 27.22 324 1030.84
2344 45.85 369 1356.13
2345 51.98 291 943.31
2346 51.82 350 1265.49
2347 40.83 353 1173.62
2348 43.65 537 1854.84
2349 19.16 374 1357.82
2350 23.54 284 987.65
2351 64.04 283 949.49
2352 46.55 293 998.27
2353 36.90 336 1156.74
2354 33.55 277 923.65
2355 41.30 252 864.84
2356 47.66 366 1235.54
2357 48.83 448 1409.50
2358 77.53 91 195.69
2359 16.75 73 144.23
2360 20.17 694 2369.61
2361 50.91 299 1100.29
2362 13.19 275 948.88
2363 31.30 229 817.86
2364 28.45 340 1188.97
2365 25.99 302 1045.61
2366 33.53 281 999.56
2367 32.99 288 986.92
2368 67.28 224 734.50
2369 57.32 181 533.70
2370 29.11 259 909.18
2371 12.29 443 1614.72
2372 83.90 80 155.33
2373 33.82 431 1521.97
2374 29.96 266 972.07
2375 47.57 198 537.99
2376 28.58 262 960.97
2377 43.98 715 2651.87
2378 30.54 629 2214.33
2379 29.90 354 1255.06
2380 16.93 453 1593.29
2381 42.28 671 2390.50
2382 27.37 346 1055.12
2383 22.46 278 990.40
2384 37.12 301 1063.33
2385 28.13 363 1337.75
2386 45.52 486 1679.25
2387 33.39 272 946.31
2388 56.50 153 439.88
2389 34.52 253 896.55
2390 37.72 253 864.98
2391 17.76 252 903.46
2392 35.93 999 3135.67
2393 30.64 244 841.26
2394 37.54 457 1650.26
2395 28.81 288 1029.54
2396 9.98 20 36.39
2397 59.23 740 2642.17
2398 47.53 315 1017.24
2399 88.92 383 1366.36
2400 53.79 270 891.07
2401 58.24 329 1135.44
2402 33.82 384 1317.57
2403 34.03 315 1069.70
2404 67.39 469 1591.39
2405 35.31 265 921.68
2406 32.19 416 1504.60
2407 64.98 397 1351.05
2408 22.93 239 821.85
2409 43.28 822 2716.52
2410 45.63 362 1291.85
2411 48.58 276 970.44
2412 49.21 379 1327.81
2413 53.46 213 689.97
2414 37.89 999 3492.40
2415 38.32 999 3430.95
2416 38.99 630 2175.48
2417 48.18 111 246.89
2418 228.42 12 16.72
2419 34.70 15 22.27
2420 209.93 13 17.94
2421 23.90 15 21.98
2422 58.83 452 1583.45
2423 45.39 378 1345.83
2424 40.32 616 2172.48
2425 32.52 797 2702.06
2426 55.18 500 1730.42
2427 50.62 130 288.30
2428 54.26 896 3209.76
2429 53.40 273 987.95
2430 51.60 292 977.33
2431 58.97 293 1000.86
2432 34.16 282 973.87
2433 30.94 255 921.10
2434 45.80 962 3429.09
2435 33.64 130 247.63
2436 57.29 133 269.98
2437 60.56 401 1351.44
2438 64.06 793 2705.95
2439 27.76 393 1250.90
2440 31.27 349 1019.79
2441 37.16 472 1616.70
2442 32.97 306 1026.30
2443 47.98 363 1259.92
2444 68.49 231 708.04
2445 47.81 255 856.43
2446 56.72 999 3274.00
2447 39.08 477 1691.97
2448 64.49 721 2520.31
2449 41.89 676 2234.12
2450 45.73 301 1027.53
2451 96.19 297 1056.55
2452 39.48 445 1620.43
2453 31.65 297 1039.76
2454 34.33 441 1503.93
2455 40.00 347 1162.39
2456 50.14 348 1249.60
2457 46.81 402 1476.22
2458 39.95 999 3287.31
2459 126.19 28 46.93
2460 42.78 730 2239.10
2461 39.80 466 1744.54
2462 35.29 310 1076.36
2463 61.28 310 1071.07
2464 25.09 270 914.75
2465 56.84 341 1145.99
2466 40.58 660 2296.18
2467 37.69 973 3392.42
2468 101.18 26 34.62
2469 14.62 129 299.65
2470 42.70 821 2790.74
2471 53.53 651 2257.98
2472 69.72 348 1207.12
2473 55.29 257 831.80
2474 56.95 423 1535.70
2475 73.91 361 1140.77
2476 50.25 709 2367.30
2477 56.32 510 1806.59
2478 18.42 23 25.43
2479 16.35 23 25.80
2480 63.64 18 18.08
2481 50.48 18 17.95
2482 166.10 20 20.21
2483 28.62 23 24.85
2484 41.07 999 3669.03
2485 154.42 94 205.95
2486 99.30 564 1976.85
2487 58.34 288 957.80
2488 53.13 271 962.02
2489 47.14 285 1000.30
2490 30.32 225 721.71
2491 65.38 999 3314.17
2492 58.80 980 3493.49
2493 48.12 389 1437.10
2494 53.33 999 3521.17
2495 68.59 381 1346.71
2496 40.35 227 712.74
2497 30.69 394 1377.68
2498 85.00 343 1211.43
2499 49.40 353 1276.93
2500 48.39 391 1371.61
2501 60.06 376 1379.16
2502 59.84 460 1492.43
2503 59.20 373 1048.06
2504 34.49 173 427.69
2505 52.40 658 2096.81
2506 53.49 999 3487.09
2507 69.25 453 1596.03
2508 82.53 431 1516.31
2509 80.62 245 726.11
2510 41.78 999 3312.07
2511 54.31 999 3345.60
2512 53.26 327 1136.06
2513 34.83 217 706.72
