0 0.27 999 -477.51
1 0.57 999 -547.91
2 0.46 999 -441.05
3 0.43 999 -233.79
4 0.58 999 -245.64
5 0.80 999 -203.08
6 1.03 999 -160.85
7 1.18 999 -185.67
8 1.31 999 -62.89
9 1.34 999 -67.85
10 1.37 999 50.06
11 1.43 999 166.75
12 1.58 999 435.36
13 1.72 999 684.98
14 2.19 999 1030.25
15 3.27 999 1024.45
16 4.88 999 1204.77
17 7.15 999 1358.29
18 9.63 999 992.32
19 12.89 999 1141.41
20 17.45 999 970.61
21 22.39 999 837.47
22 31.86 999 547.85
23 39.62 999 -199.23
24 51.12 999 -416.55
25 63.14 999 -427.80
26 78.77 999 -441.34
27 94.91 999 -457.09
28 108.25 999 -393.33
29 125.60 999 -376.41
30 144.49 999 -288.18
31 170.12 999 -141.76
32 200.70 999 -88.50
33 209.63 999 58.69
34 238.23 999 -4.72
35 286.11 999 -16.27
36 306.66 999 235.05
37 347.15 999 198.22
38 404.73 999 114.17
39 428.73 999 130.18
40 482.20 999 318.98
41 498.98 999 217.06
42 526.86 999 135.63
43 569.52 999 133.31
44 616.69 999 429.09
45 681.04 999 253.67
46 695.04 999 425.01
47 776.78 999 301.70
48 761.58 999 124.41
49 795.57 999 81.25
50 874.68 999 14.30
