0 0.27 999 -415.75
1 0.28 999 -354.78
2 0.32 999 -415.86
3 0.36 999 -250.99
4 0.41 999 -162.72
5 0.51 999 -108.53
6 0.72 999 -36.30
7 0.84 999 192.44
8 0.94 999 123.31
9 1.06 999 292.64
10 1.16 999 574.13
11 1.54 999 575.22
12 2.05 999 1040.80
13 3.07 999 1260.54
14 5.10 999 1128.53
15 7.10 999 555.97
16 10.24 999 526.02
17 14.39 999 595.03
18 20.82 999 489.36
19 26.51 999 375.04
20 31.53 999 146.35
21 43.82 999 -355.55
22 59.79 999 -382.60
23 74.79 999 -402.04
24 97.40 999 -477.08
25 133.08 999 -519.92
