0 0.54 999 -382.54
1 0.88 999 -610.59
2 0.78 999 -325.48
3 0.62 999 -246.69
4 1.39 999 -358.05
5 0.97 999 -145.65
6 0.78 999 -9.25
7 0.79 999 64.22
8 0.77 999 -13.57
9 0.81 999 93.87
10 0.98 999 -104.16
11 1.18 999 -205.15
12 1.43 999 -133.46
13 1.68 999 -7.52
14 2.17 999 -305.48
15 3.22 999 -272.39
16 4.37 999 391.43
17 3.54 999 107.90
18 4.23 999 -145.08
19 4.93 999 -118.55
20 5.02 999 153.94
21 5.72 999 -348.19
22 9.04 999 -441.76
23 17.84 999 -509.35
24 36.07 999 -525.60
25 65.76 999 -515.64
26 114.76 999 -429.38
27 192.52 999 -427.91
28 555.32 999 -389.76
