0 0.68 999 -432.96
1 0.64 999 -360.79
2 0.36 999 -209.24
3 0.35 999 -266.96
4 0.45 999 -243.43
5 0.48 999 -180.57
6 0.53 999 -70.23
7 0.50 999 -151.75
8 0.52 999 -130.17
9 0.56 999 -84.01
10 0.63 999 -93.94
11 0.67 999 -258.28
12 0.79 999 9.00
13 0.71 999 13.73
14 0.71 999 170.95
15 0.66 999 117.96
16 0.68 999 -31.37
17 0.65 999 43.18
18 0.67 999 45.99
19 0.78 999 -10.81
20 0.95 999 95.56
21 1.28 999 -117.55
22 1.47 999 -178.25
23 1.70 999 -9.34
24 2.24 999 107.16
25 2.66 999 -240.90
26 2.83 999 -138.28
27 2.79 999 -142.88
28 2.91 999 85.62
29 3.00 999 96.30
30 2.94 999 8.95
31 2.77 999 91.05
32 3.02 999 129.98
33 2.72 999 92.59
34 2.63 999 122.39
35 2.92 999 86.48
36 2.85 999 74.98
37 2.57 999 186.44
38 2.33 999 160.49
39 2.35 999 174.55
40 2.35 999 231.10
41 1.97 999 128.51
42 2.00 999 119.66
43 2.00 999 267.08
44 2.07 999 384.34
45 2.11 999 356.94
46 1.92 999 396.36
47 2.02 999 507.43
48 2.02 999 655.24
49 2.40 999 654.19
50 2.42 999 737.19
51 2.45 999 783.20
52 2.58 999 694.93
53 2.89 999 611.03
54 3.20 999 643.71
55 3.84 999 643.55
56 4.62 999 556.93
57 4.94 999 550.94
58 4.47 999 611.03
59 5.71 999 383.76
60 5.87 999 281.63
61 5.56 999 -74.30
62 5.54 999 99.15
63 6.02 999 -372.55
64 5.60 999 -365.29
65 5.18 999 189.42
66 5.20 999 693.24
67 5.32 999 685.64
68 5.44 999 691.52
69 5.23 999 708.66
70 4.88 999 439.55
71 4.52 999 528.82
72 4.63 999 529.63
73 5.25 999 391.72
74 5.19 999 562.77
75 4.90 999 705.16
76 4.42 999 621.36
77 4.94 999 389.24
78 4.72 999 666.21
79 4.66 999 855.60
80 4.68 999 818.85
81 4.34 999 492.61
82 10.15 999 576.19
83 15.57 999 494.90
84 14.74 999 501.33
85 19.52 999 -33.63
86 22.56 999 -449.40
87 25.31 999 -454.39
88 39.02 999 -449.60
89 62.22 999 -452.19
90 143.56 999 -448.06
91 463.12 999 -451.64
92 1886.97 999 -457.11
93 9429.44 999 -453.67
94 53871.92 999 -449.86
95 241826.87 999 -447.83
