0 0.09 999 -367.53
1 0.19 999 -230.61
2 0.42 999 -347.22
3 0.62 999 -214.57
4 0.71 999 -351.46
5 0.74 999 -287.53
6 0.90 999 -602.63
7 0.75 999 -405.42
8 0.92 999 -231.40
9 0.92 999 -314.02
10 1.02 999 -422.68
11 1.01 999 -529.08
12 1.08 999 -522.85
13 1.11 999 -474.53
14 1.16 999 -389.59
15 1.18 999 -359.07
16 1.31 999 -454.35
17 1.26 999 -435.89
18 1.28 999 367.30
19 1.55 999 302.59
20 1.69 999 -256.35
21 1.70 999 156.06
22 2.07 999 165.26
23 2.31 999 -525.25
24 2.20 999 440.42
25 2.43 999 603.07
26 2.54 999 367.48
27 2.63 999 502.41
28 3.12 999 540.62
29 3.44 999 612.05
30 3.20 999 609.51
31 3.68 999 490.17
32 4.04 999 600.22
33 4.22 999 623.57
34 4.51 999 517.90
35 4.58 999 513.81
36 4.53 999 393.90
37 4.73 999 670.67
38 4.80 999 572.33
39 4.75 999 662.02
40 4.59 999 606.56
41 4.77 999 575.89
42 5.12 999 656.77
43 5.52 999 715.69
44 5.64 999 -183.30
45 5.52 999 707.37
46 5.43 999 786.54
47 5.37 999 730.58
48 5.90 999 748.87
49 6.22 999 560.27
50 6.75 999 498.67
51 6.00 999 633.60
52 6.11 999 656.53
53 7.67 999 592.35
54 6.13 999 605.26
55 6.32 999 780.19
56 6.34 999 818.24
57 6.40 999 760.49
58 5.86 999 955.85
59 6.43 999 804.30
60 6.43 999 802.96
61 6.99 999 775.49
62 7.28 999 550.70
63 6.48 999 -53.41
64 6.00 999 848.40
65 6.49 999 842.19
66 6.29 999 1027.33
67 6.58 999 927.51
68 6.01 999 936.89
69 6.09 999 994.59
70 6.68 999 833.64
71 6.83 999 812.70
72 6.83 999 1214.50
73 7.54 999 802.98
74 7.46 999 724.77
75 7.48 999 985.48
76 6.84 999 985.83
77 6.99 999 1000.66
78 6.92 999 1085.69
79 7.67 999 1121.68
80 7.79 999 1012.87
81 7.21 999 921.03
82 6.65 999 1065.91
83 6.30 999 1172.59
84 6.61 999 1289.94
85 7.17 999 1249.43
86 7.23 999 1310.51
87 6.57 999 703.18
88 7.23 999 942.85
89 6.71 999 1249.99
90 7.30 999 1104.38
91 8.32 999 124.68
92 7.29 999 1316.87
93 7.27 999 1296.29
94 6.92 999 1253.25
95 7.41 999 1368.16
96 7.07 999 1266.54
97 7.32 999 1462.22
98 8.79 999 1358.49
99 7.80 999 1332.28
100 7.11 999 1611.37
101 8.06 999 1365.11
102 6.72 999 718.79
103 7.08 999 1475.23
104 7.92 999 1401.59
105 6.50 999 1607.19
106 7.32 999 1300.92
107 7.35 999 1458.05
108 6.89 999 1560.81
109 7.19 999 1404.29
110 7.04 999 1515.60
111 8.25 999 1275.72
112 7.56 999 126.06
113 7.46 999 1374.96
114 7.85 999 1198.12
115 8.55 999 1016.07
116 7.01 999 1531.36
117 6.62 999 1537.76
118 6.88 999 1445.34
119 7.85 999 1355.24
120 7.43 999 1294.80
121 8.90 999 1263.24
122 7.52 999 1469.23
123 7.45 999 -50.95
124 6.73 999 1815.07
125 6.44 999 394.35
126 6.95 999 840.35
127 7.69 999 1482.88
128 7.75 999 1375.15
129 7.36 999 1536.85
130 7.12 999 1609.64
131 8.80 999 1597.11
132 7.75 999 1867.59
133 7.50 999 1695.94
134 7.00 999 1700.98
135 7.90 999 1562.62
136 8.62 999 999.55
137 7.76 999 1564.19
138 7.74 999 1725.87
139 9.12 999 1556.46
140 8.49 999 1811.62
141 8.07 999 1852.87
142 9.17 999 739.86
143 8.81 999 1741.03
144 8.11 999 1727.72
145 7.87 999 1900.19
146 7.94 999 910.28
147 7.75 999 2082.85
148 7.49 999 1839.68
149 7.81 999 1987.75
150 9.09 999 627.06
151 8.92 999 2007.91
152 8.08 999 1875.44
153 9.48 999 1663.78
154 11.77 999 1610.98
155 10.48 999 2119.64
156 11.12 999 1953.20
157 9.06 999 2128.32
158 8.15 999 2212.26
159 8.85 999 2066.28
160 9.56 999 2334.90
161 11.44 999 2160.69
162 10.66 999 2208.85
163 10.80 999 2409.09
164 10.59 999 2203.91
165 11.62 999 2205.34
166 9.77 999 2156.41
167 10.03 999 2314.36
168 10.70 999 2038.46
169 12.21 999 2362.44
170 12.52 999 686.48
171 11.65 999 2148.06
172 12.86 999 1464.13
173 11.36 999 2275.91
174 12.01 999 2209.77
175 12.40 999 2155.78
176 11.88 999 2138.01
177 10.92 999 2861.04
178 13.29 999 454.08
179 14.69 999 2030.84
180 14.90 999 2167.42
181 11.54 999 2578.73
182 11.91 999 2255.89
183 13.93 999 1465.54
184 15.83 999 2469.98
185 13.82 999 2392.74
186 14.56 999 2226.98
187 14.33 999 2274.65
188 13.90 999 2392.18
189 17.43 999 2322.56
190 19.13 999 2510.09
191 16.86 999 2466.62
192 17.72 999 2324.82
193 13.35 999 2446.41
194 13.82 999 320.16
195 14.77 999 2319.59
196 13.03 999 2755.56
197 13.40 999 2589.47
198 13.66 999 2271.78
199 16.92 999 2195.73
200 15.45 999 2256.27
201 13.72 999 2622.20
202 12.72 999 2566.56
203 13.95 999 2603.60
204 16.74 999 2275.87
205 14.60 999 2613.35
206 13.07 999 2609.42
207 13.96 999 2526.69
208 11.85 999 2703.99
209 12.07 999 2762.23
210 12.01 999 2747.56
211 12.34 999 2703.39
212 11.56 999 2713.42
213 11.32 999 2750.84
214 12.03 999 2761.45
215 11.85 999 2384.04
216 10.62 999 2809.81
217 11.55 999 2672.68
218 12.24 999 2671.35
219 13.39 999 2484.92
220 14.44 999 2680.42
221 13.88 999 2570.91
222 14.59 999 2709.23
223 13.38 999 2607.13
224 12.30 999 2861.66
225 10.58 999 2914.54
226 12.07 999 2746.37
227 11.86 999 2796.44
228 10.34 999 3150.30
229 11.99 999 2744.92
230 12.67 999 2789.17
231 12.69 999 2488.91
232 10.49 999 3073.25
233 10.35 999 3119.67
234 10.30 999 2893.84
235 10.21 999 2915.34
236 10.13 999 2899.41
237 11.80 999 2816.62
238 11.50 999 2824.96
239 9.51 999 3145.05
240 11.46 999 2881.53
241 13.18 999 -155.60
242 11.24 999 1785.80
243 11.15 999 2815.92
244 11.05 999 3106.11
245 11.61 999 1806.96
246 11.01 999 2343.66
247 10.28 999 3188.72
248 10.95 999 3146.08
249 11.40 999 3105.94
250 12.83 999 3312.93
251 11.91 999 3303.31
252 12.45 999 1906.84
253 12.18 999 1533.08
254 12.78 999 3121.95
255 11.97 999 3173.97
256 12.80 999 3213.88
257 12.73 999 3049.74
258 13.91 999 2950.85
259 13.78 999 3154.01
260 12.09 999 2960.10
261 12.31 999 3130.06
262 11.86 999 579.79
263 11.14 999 3561.33
264 10.96 999 1145.71
265 13.05 999 362.24
266 12.45 999 3289.84
267 14.29 999 3146.95
268 15.35 999 3035.96
269 12.99 999 3318.69
270 12.71 999 3358.17
271 15.13 999 3122.43
272 14.17 999 3290.37
273 14.39 999 3170.05
274 13.90 999 3323.99
275 12.22 999 3185.95
276 11.20 999 3572.10
277 13.70 999 3504.14
278 13.83 999 3482.70
279 12.28 999 3371.61
280 12.03 999 1823.60
281 13.04 999 688.08
282 12.41 999 3391.26
283 12.99 999 3376.92
284 14.41 999 3494.84
285 14.44 999 3343.59
286 15.18 999 3151.54
287 15.04 999 3518.52
288 13.77 999 3371.33
289 15.70 999 3127.14
290 15.08 999 3409.44
291 13.47 999 3449.52
292 14.27 999 3305.34
293 14.20 999 3562.16
294 16.90 999 3132.97
295 14.88 999 3183.97
296 14.23 999 507.92
297 13.26 999 3543.86
298 13.69 999 3030.89
299 17.91 999 259.04
300 18.55 999 765.88
301 17.39 999 215.32
302 14.93 999 3701.89
303 15.53 999 3713.16
304 13.99 999 3708.70
305 14.10 999 3466.24
306 13.68 999 3536.24
307 12.13 999 3432.91
308 13.25 999 3668.95
309 13.74 999 3456.34
310 14.58 999 2942.85
311 12.59 999 3554.14
312 14.47 999 3608.21
313 13.98 999 3499.67
314 15.44 999 3536.15
315 16.46 999 3408.23
316 13.63 999 3505.93
317 15.94 999 3449.14
318 17.52 999 3647.79
319 14.60 999 3479.03
320 14.96 999 3752.43
321 14.07 999 3787.21
322 17.07 999 3219.27
323 16.89 999 1306.75
324 13.66 999 3545.22
325 17.07 999 3746.12
326 14.33 999 883.51
327 15.56 999 3895.08
328 17.30 999 3725.24
329 16.01 999 3626.06
330 15.82 999 3564.14
331 15.24 999 3833.94
332 16.88 999 3930.86
333 16.52 999 3460.38
334 14.49 999 4060.77
335 14.64 999 3898.47
336 16.59 999 1967.49
337 14.14 999 3890.08
338 14.36 999 3875.08
339 14.24 999 3376.00
340 14.51 999 3820.90
341 15.38 999 3900.50
342 16.47 999 3717.06
343 14.77 999 3575.17
344 14.23 999 4097.78
345 13.69 999 3962.96
346 13.91 999 3967.88
347 13.57 999 4081.81
348 13.27 999 4096.08
349 12.42 999 4020.76
350 13.52 999 3972.57
351 18.95 999 3551.18
352 13.77 999 4012.29
353 14.16 999 4177.36
354 20.30 999 3662.47
355 16.89 999 4046.63
356 19.04 999 1015.57
357 16.62 999 4119.42
358 12.93 999 4160.48
359 13.55 999 3947.20
360 14.31 999 4054.40
361 12.60 999 4082.26
362 14.98 999 3983.96
363 12.59 999 4206.79
364 13.29 999 4348.80
365 13.43 999 4337.18
366 13.47 999 4228.95
367 13.38 999 4005.96
368 14.07 999 3115.63
369 16.68 999 3967.50
370 11.19 999 4392.55
371 14.10 999 3874.06
372 15.24 999 3870.75
373 21.12 999 4107.53
374 16.98 999 4236.17
375 18.13 999 4044.54
376 16.82 999 4334.26
377 15.33 999 4486.46
378 14.06 999 4507.74
379 14.12 999 4454.24
380 15.15 999 1532.14
381 16.30 999 4205.01
382 15.90 999 4350.57
383 13.57 999 4663.59
384 15.63 999 4383.13
385 15.93 999 4442.79
386 16.76 999 4406.78
387 16.46 999 4318.18
388 17.12 999 4472.66
389 16.38 999 4369.20
390 16.90 999 4545.97
391 16.12 999 4276.09
392 15.03 999 1831.78
393 16.98 999 4781.62
394 18.12 999 4744.92
395 18.81 999 4099.38
396 17.15 999 4331.31
397 16.97 999 4863.26
398 18.76 999 4271.70
399 15.65 999 4421.20
400 14.61 999 4814.93
401 15.77 999 4922.80
402 15.14 999 4824.62
403 20.52 999 3942.23
404 16.75 999 4917.49
405 16.65 999 4743.37
406 15.88 999 4987.92
407 18.56 999 4924.59
408 16.34 999 4888.78
409 16.30 999 4676.03
410 15.09 999 5098.92
411 17.30 999 5331.10
412 17.07 999 5313.45
413 16.69 999 4829.71
414 15.21 999 5162.08
415 16.31 999 5088.44
416 17.08 999 5182.52
417 20.57 999 4682.42
418 18.86 999 5124.11
419 17.43 999 5174.56
420 16.56 999 5319.71
421 17.91 999 5119.89
422 19.74 999 5042.04
423 19.47 999 5076.22
424 20.89 999 4529.76
425 21.47 999 4291.71
426 17.44 999 5022.00
427 15.86 999 5490.84
428 16.26 999 5262.28
429 18.12 999 5024.80
430 18.77 999 5073.51
431 17.37 999 5351.22
432 19.42 999 4998.60
433 21.01 999 1194.79
434 19.37 999 1403.39
435 21.76 999 4661.00
436 22.35 999 4851.88
437 20.36 999 5417.23
438 20.67 999 5563.92
439 18.71 999 2459.84
440 20.24 999 5121.11
441 25.81 999 4326.80
442 25.96 999 4823.49
443 22.41 999 5265.30
444 21.95 999 5031.65
445 20.54 999 5446.95
446 20.42 999 5059.34
447 24.30 999 5691.94
448 24.75 999 5725.95
449 22.72 999 5712.02
450 20.76 999 5497.85
451 21.99 999 5518.18
452 19.83 999 5529.65
453 25.74 999 5355.27
454 23.33 999 5526.82
455 19.47 999 5711.61
456 18.79 999 4902.13
457 22.90 999 5306.81
458 22.18 999 5596.94
459 21.12 999 5644.77
460 19.85 999 6100.54
461 21.25 999 5430.51
462 24.94 999 5003.32
463 27.31 999 5518.32
464 23.92 999 5450.53
465 26.89 999 5404.97
466 24.15 999 5542.16
467 23.37 999 5688.81
468 21.70 999 5611.49
469 23.61 999 5754.18
470 22.13 999 5551.12
471 21.77 999 5787.82
472 23.23 999 5639.46
473 23.45 999 5794.02
474 20.80 999 5350.13
475 22.39 999 5597.25
476 24.68 999 5467.78
477 23.43 999 5870.58
478 23.48 999 6113.92
479 23.88 999 5519.18
480 25.61 999 6154.12
481 23.24 999 5788.97
482 21.24 999 5852.43
483 22.02 999 5664.34
484 22.99 999 5666.90
485 23.33 999 5416.77
486 24.27 999 2075.69
487 23.13 999 5695.03
488 25.38 999 5946.91
489 25.44 999 6035.41
490 24.80 999 6258.68
491 22.42 999 5938.16
492 22.49 999 6192.41
493 26.28 999 6413.22
494 26.57 999 6228.03
495 28.11 999 5833.48
496 25.49 999 5646.73
497 29.18 999 5456.52
498 27.70 999 5417.92
499 24.80 999 5550.84
500 24.94 999 5842.14
