0 5.51 3991 -19.00
1 1.25 3662 -21.00
2 0.89 3055 -21.00
3 1.50 3838 -20.00
4 0.67 3295 -21.00
5 0.27 3295 -21.00
6 0.35 3295 -21.00
7 0.20 3539 -21.00
8 0.01 3647 -21.00
9 0.01 3132 -21.00
10 0.01 3055 -21.00
11 0.02 3655 -21.00
12 0.01 3369 -20.00
13 0.02 4088 -20.00
14 0.01 3055 -21.00
15 0.00 3366 -20.00
16 0.01 3055 -21.00
17 0.01 3295 -21.00
18 0.01 3779 -21.00
19 0.01 3055 -21.00
20 0.01 3407 -21.00
21 0.01 3550 -20.00
22 0.00 3295 -21.00
23 0.01 3295 -21.00
24 0.01 3969 -20.00
25 0.00 3173 -21.00
26 0.00 3850 -20.00
27 0.01 3369 -20.00
28 0.01 3969 -18.00
29 0.01 3055 -21.00
30 0.01 3347 -20.00
31 0.01 3055 -21.00
32 0.01 3055 -21.00
33 0.00 3055 -21.00
34 0.01 3795 -19.00
35 0.01 3369 -20.00
36 0.01 3647 -21.00
37 0.01 3775 -21.00
38 0.01 3285 -21.00
39 0.01 3407 -21.00
40 0.01 4225 -19.00
41 0.01 3130 -21.00
42 0.01 3661 -19.00
43 0.01 3055 -21.00
44 0.00 3295 -21.00
45 0.01 3923 -19.00
46 0.01 3055 -21.00
47 0.01 3055 -21.00
48 0.01 3055 -21.00
49 0.01 3543 -21.00
50 0.01 3802 -19.00
51 0.01 3055 -21.00
52 0.01 3055 -21.00
53 0.01 3407 -21.00
54 0.01 4015 -21.00
55 0.01 3604 -20.00
56 0.01 3295 -21.00
57 0.01 3055 -21.00
58 0.00 3167 -21.00
59 0.01 3130 -21.00
60 0.01 3055 -21.00
61 0.01 3055 -21.00
62 0.01 3295 -21.00
63 0.01 3682 -20.00
64 0.01 3055 -21.00
65 0.01 3055 -21.00
66 0.00 3130 -21.00
